data,stationary,det_lin_up,det_lin_down,det_quad,det_cubic,det_exp,det_damped,stoc_trend,volatility,single_seas,multiple_seas,point_anom_single,point_anom_multi,collect_anom,context_anom,mean_shift,var_shift,trend_shift,date,is_break,is_anomaly,is_multi,location_beginning,location_middle,location_end,change_type_direction,change_type_magnitude,change_type_direction_magnitude,event_count,event_details
-0.32151229178539575,0,0,0,0,0,0,0,0,0,0,0,0,0,0,0,0,1,0,2020-01-01,0,0,1,0,0,0,0,0,0,2,Variance change - multiple location
-0.23536493152565377,0,0,0,0,0,0,0,0,0,0,0,0,0,0,0,0,1,0,2020-01-02,0,0,1,0,0,0,0,0,0,2,Variance change - multiple location
-1.1975297616596214,0,0,0,0,0,0,0,0,0,0,0,0,0,0,0,0,1,0,2020-01-03,0,0,1,0,0,0,0,0,0,2,Variance change - multiple location
-0.04988714917805144,0,0,0,0,0,0,0,0,0,0,0,0,0,0,0,0,1,0,2020-01-04,0,0,1,0,0,0,0,0,0,2,Variance change - multiple location
-1.1568313784924424,0,0,0,0,0,0,0,0,0,0,0,0,0,0,0,0,1,0,2020-01-05,0,0,1,0,0,0,0,0,0,2,Variance change - multiple location
0.07952327213783857,0,0,0,0,0,0,0,0,0,0,0,0,0,0,0,0,1,0,2020-01-06,0,0,1,0,0,0,0,0,0,2,Variance change - multiple location
0.23613088514682629,0,0,0,0,0,0,0,0,0,0,0,0,0,0,0,0,1,0,2020-01-07,0,0,1,0,0,0,0,0,0,2,Variance change - multiple location
0.3391402713150696,0,0,0,0,0,0,0,0,0,0,0,0,0,0,0,0,1,0,2020-01-08,0,0,1,0,0,0,0,0,0,2,Variance change - multiple location
-0.20642967629541267,0,0,0,0,0,0,0,0,0,0,0,0,0,0,0,0,1,0,2020-01-09,0,0,1,0,0,0,0,0,0,2,Variance change - multiple location
1.263208707829208,0,0,0,0,0,0,0,0,0,0,0,0,0,0,0,0,1,0,2020-01-10,0,0,1,0,0,0,0,0,0,2,Variance change - multiple location
-1.0868474409717173,0,0,0,0,0,0,0,0,0,0,0,0,0,0,0,0,1,0,2020-01-11,0,0,1,0,0,0,0,0,0,2,Variance change - multiple location
0.4580707987218743,0,0,0,0,0,0,0,0,0,0,0,0,0,0,0,0,1,0,2020-01-12,0,0,1,0,0,0,0,0,0,2,Variance change - multiple location
-0.6253869705683013,0,0,0,0,0,0,0,0,0,0,0,0,0,0,0,0,1,0,2020-01-13,0,0,1,0,0,0,0,0,0,2,Variance change - multiple location
-0.1676202776530971,0,0,0,0,0,0,0,0,0,0,0,0,0,0,0,0,1,0,2020-01-14,0,0,1,0,0,0,0,0,0,2,Variance change - multiple location
-0.4806713794810326,0,0,0,0,0,0,0,0,0,0,0,0,0,0,0,0,1,0,2020-01-15,0,0,1,0,0,0,0,0,0,2,Variance change - multiple location
-0.2858608332743491,0,0,0,0,0,0,0,0,0,0,0,0,0,0,0,0,1,0,2020-01-16,0,0,1,0,0,0,0,0,0,2,Variance change - multiple location
-0.2554138874195174,0,0,0,0,0,0,0,0,0,0,0,0,0,0,0,0,1,0,2020-01-17,0,0,1,0,0,0,0,0,0,2,Variance change - multiple location
-0.6196617656857788,0,0,0,0,0,0,0,0,0,0,0,0,0,0,0,0,1,0,2020-01-18,0,0,1,0,0,0,0,0,0,2,Variance change - multiple location
0.46445940258282725,0,0,0,0,0,0,0,0,0,0,0,0,0,0,0,0,1,0,2020-01-19,0,0,1,0,0,0,0,0,0,2,Variance change - multiple location
0.3596693918835158,0,0,0,0,0,0,0,0,0,0,0,0,0,0,0,0,1,0,2020-01-20,0,0,1,0,0,0,0,0,0,2,Variance change - multiple location
-0.06108492163828566,0,0,0,0,0,0,0,0,0,0,0,0,0,0,0,0,1,0,2020-01-21,0,0,1,0,0,0,0,0,0,2,Variance change - multiple location
-0.3674038425008125,0,0,0,0,0,0,0,0,0,0,0,0,0,0,0,0,1,0,2020-01-22,0,0,1,0,0,0,0,0,0,2,Variance change - multiple location
0.5483247297172994,0,0,0,0,0,0,0,0,0,0,0,0,0,0,0,0,1,0,2020-01-23,0,0,1,0,0,0,0,0,0,2,Variance change - multiple location
0.4753881989571299,0,0,0,0,0,0,0,0,0,0,0,0,0,0,0,0,1,0,2020-01-24,0,0,1,0,0,0,0,0,0,2,Variance change - multiple location
-0.24830444696953385,0,0,0,0,0,0,0,0,0,0,0,0,0,0,0,0,1,0,2020-01-25,0,0,1,0,0,0,0,0,0,2,Variance change - multiple location
0.1437925071167557,0,0,0,0,0,0,0,0,0,0,0,0,0,0,0,0,1,0,2020-01-26,0,0,1,0,0,0,0,0,0,2,Variance change - multiple location
-0.21777843906676672,0,0,0,0,0,0,0,0,0,0,0,0,0,0,0,0,1,0,2020-01-27,0,0,1,0,0,0,0,0,0,2,Variance change - multiple location
0.019437816311829698,0,0,0,0,0,0,0,0,0,0,0,0,0,0,0,0,1,0,2020-01-28,0,0,1,0,0,0,0,0,0,2,Variance change - multiple location
0.678007986241906,0,0,0,0,0,0,0,0,0,0,0,0,0,0,0,0,1,0,2020-01-29,0,0,1,0,0,0,0,0,0,2,Variance change - multiple location
0.09126928755729026,0,0,0,0,0,0,0,0,0,0,0,0,0,0,0,0,1,0,2020-01-30,0,0,1,0,0,0,0,0,0,2,Variance change - multiple location
-0.8752562458915026,0,0,0,0,0,0,0,0,0,0,0,0,0,0,0,0,1,0,2020-01-31,0,0,1,0,0,0,0,0,0,2,Variance change - multiple location
-0.08229167703524606,0,0,0,0,0,0,0,0,0,0,0,0,0,0,0,0,1,0,2020-02-01,0,0,1,0,0,0,0,0,0,2,Variance change - multiple location
0.533549214021374,0,0,0,0,0,0,0,0,0,0,0,0,0,0,0,0,1,0,2020-02-02,0,0,1,0,0,0,0,0,0,2,Variance change - multiple location
-0.5110519862302874,0,0,0,0,0,0,0,0,0,0,0,0,0,0,0,0,1,0,2020-02-03,0,0,1,0,0,0,0,0,0,2,Variance change - multiple location
-0.9596601005560649,0,0,0,0,0,0,0,0,0,0,0,0,0,0,0,0,1,0,2020-02-04,0,0,1,0,0,0,0,0,0,2,Variance change - multiple location
-0.2138839003862235,0,0,0,0,0,0,0,0,0,0,0,0,0,0,0,0,1,0,2020-02-05,0,0,1,0,0,0,0,0,0,2,Variance change - multiple location
-0.43046608674690556,0,0,0,0,0,0,0,0,0,0,0,0,0,0,0,0,1,0,2020-02-06,0,0,1,0,0,0,0,0,0,2,Variance change - multiple location
0.30234756144015806,0,0,0,0,0,0,0,0,0,0,0,0,0,0,0,0,1,0,2020-02-07,0,0,1,0,0,0,0,0,0,2,Variance change - multiple location
0.28107106917223484,0,0,0,0,0,0,0,0,0,0,0,0,0,0,0,0,1,0,2020-02-08,0,0,1,0,0,0,0,0,0,2,Variance change - multiple location
-0.551217892014108,0,0,0,0,0,0,0,0,0,0,0,0,0,0,0,0,1,0,2020-02-09,0,0,1,0,0,0,0,0,0,2,Variance change - multiple location
-0.261848793209988,0,0,0,0,0,0,0,0,0,0,0,0,0,0,0,0,1,0,2020-02-10,0,0,1,0,0,0,0,0,0,2,Variance change - multiple location
0.15366227224339313,0,0,0,0,0,0,0,0,0,0,0,0,0,0,0,0,1,0,2020-02-11,0,0,1,0,0,0,0,0,0,2,Variance change - multiple location
-0.4439960185330266,0,0,0,0,0,0,0,0,0,0,0,0,0,0,0,0,1,0,2020-02-12,0,0,1,0,0,0,0,0,0,2,Variance change - multiple location
-0.11794898720276328,0,0,0,0,0,0,0,0,0,0,0,0,0,0,0,0,1,0,2020-02-13,0,0,1,0,0,0,0,0,0,2,Variance change - multiple location
0.23562069234371655,0,0,0,0,0,0,0,0,0,0,0,0,0,0,0,0,1,0,2020-02-14,0,0,1,0,0,0,0,0,0,2,Variance change - multiple location
-0.6103921398591169,0,0,0,0,0,0,0,0,0,0,0,0,0,0,0,0,1,0,2020-02-15,0,0,1,0,0,0,0,0,0,2,Variance change - multiple location
0.201269681680182,0,0,0,0,0,0,0,0,0,0,0,0,0,0,0,0,1,0,2020-02-16,0,0,1,0,0,0,0,0,0,2,Variance change - multiple location
0.5606632423199509,0,0,0,0,0,0,0,0,0,0,0,0,0,0,0,0,1,0,2020-02-17,0,0,1,0,0,0,0,0,0,2,Variance change - multiple location
0.4003107137705485,0,0,0,0,0,0,0,0,0,0,0,0,0,0,0,0,1,0,2020-02-18,0,0,1,0,0,0,0,0,0,2,Variance change - multiple location
-0.34973666792936664,0,0,0,0,0,0,0,0,0,0,0,0,0,0,0,0,1,0,2020-02-19,0,0,1,0,0,0,0,0,0,2,Variance change - multiple location
-0.6200507371459048,0,0,0,0,0,0,0,0,0,0,0,0,0,0,0,0,1,0,2020-02-20,0,0,1,0,0,0,0,0,0,2,Variance change - multiple location
-0.09537034650377729,0,0,0,0,0,0,0,0,0,0,0,0,0,0,0,0,1,0,2020-02-21,0,0,1,0,0,0,0,0,0,2,Variance change - multiple location
-0.5194401667458862,0,0,0,0,0,0,0,0,0,0,0,0,0,0,0,0,1,0,2020-02-22,0,0,1,0,0,0,0,0,0,2,Variance change - multiple location
-0.08090576254245516,0,0,0,0,0,0,0,0,0,0,0,0,0,0,0,0,1,0,2020-02-23,0,0,1,0,0,0,0,0,0,2,Variance change - multiple location
-0.2888464099836613,0,0,0,0,0,0,0,0,0,0,0,0,0,0,0,0,1,0,2020-02-24,0,0,1,0,0,0,0,0,0,2,Variance change - multiple location
-0.07675757867006172,0,0,0,0,0,0,0,0,0,0,0,0,0,0,0,0,1,0,2020-02-25,0,0,1,0,0,0,0,0,0,2,Variance change - multiple location
0.5465142518997701,0,0,0,0,0,0,0,0,0,0,0,0,0,0,0,0,1,0,2020-02-26,0,0,1,0,0,0,0,0,0,2,Variance change - multiple location
-0.21235052600136486,0,0,0,0,0,0,0,0,0,0,0,0,0,0,0,0,1,0,2020-02-27,0,0,1,0,0,0,0,0,0,2,Variance change - multiple location
-0.13711327898171263,0,0,0,0,0,0,0,0,0,0,0,0,0,0,0,0,1,0,2020-02-28,0,0,1,0,0,0,0,0,0,2,Variance change - multiple location
-0.06228022990379161,0,0,0,0,0,0,0,0,0,0,0,0,0,0,0,0,1,0,2020-02-29,0,0,1,0,0,0,0,0,0,2,Variance change - multiple location
-0.17185000149109658,0,0,0,0,0,0,0,0,0,0,0,0,0,0,0,0,1,0,2020-03-01,0,0,1,0,0,0,0,0,0,2,Variance change - multiple location
0.5443769274047858,0,0,0,0,0,0,0,0,0,0,0,0,0,0,0,0,1,0,2020-03-02,0,0,1,0,0,0,0,0,0,2,Variance change - multiple location
0.07585415566611316,0,0,0,0,0,0,0,0,0,0,0,0,0,0,0,0,1,0,2020-03-03,0,0,1,0,0,0,0,0,0,2,Variance change - multiple location
0.27057360982394524,0,0,0,0,0,0,0,0,0,0,0,0,0,0,0,0,1,0,2020-03-04,0,0,1,0,0,0,0,0,0,2,Variance change - multiple location
0.6511624369503234,0,0,0,0,0,0,0,0,0,0,0,0,0,0,0,0,1,0,2020-03-05,0,0,1,0,0,0,0,0,0,2,Variance change - multiple location
-0.08485791879755479,0,0,0,0,0,0,0,0,0,0,0,0,0,0,0,0,1,0,2020-03-06,0,0,1,0,0,0,0,0,0,2,Variance change - multiple location
0.2727636796181676,0,0,0,0,0,0,0,0,0,0,0,0,0,0,0,0,1,0,2020-03-07,0,0,1,0,0,0,0,0,0,2,Variance change - multiple location
0.4430776771126665,0,0,0,0,0,0,0,0,0,0,0,0,0,0,0,0,1,0,2020-03-08,0,0,1,0,0,0,0,0,0,2,Variance change - multiple location
-0.25591584105618187,0,0,0,0,0,0,0,0,0,0,0,0,0,0,0,0,1,0,2020-03-09,0,0,1,0,0,0,0,0,0,2,Variance change - multiple location
0.15556281968786212,0,0,0,0,0,0,0,0,0,0,0,0,0,0,0,0,1,0,2020-03-10,0,0,1,0,0,0,0,0,0,2,Variance change - multiple location
-0.1654460599298819,0,0,0,0,0,0,0,0,0,0,0,0,0,0,0,0,1,0,2020-03-11,0,0,1,0,0,0,0,0,0,2,Variance change - multiple location
0.17172433576509383,0,0,0,0,0,0,0,0,0,0,0,0,0,0,0,0,1,0,2020-03-12,0,0,1,0,0,0,0,0,0,2,Variance change - multiple location
0.4180063678687491,0,0,0,0,0,0,0,0,0,0,0,0,0,0,0,0,1,0,2020-03-13,0,0,1,0,0,0,0,0,0,2,Variance change - multiple location
-0.22643266997617176,0,0,0,0,0,0,0,0,0,0,0,0,0,0,0,0,1,0,2020-03-14,0,0,1,0,0,0,0,0,0,2,Variance change - multiple location
0.21542362238895824,0,0,0,0,0,0,0,0,0,0,0,0,0,0,0,0,1,0,2020-03-15,0,0,1,0,0,0,0,0,0,2,Variance change - multiple location
0.7016822595592163,0,0,0,0,0,0,0,0,0,0,0,0,0,0,0,0,1,0,2020-03-16,0,0,1,0,0,0,0,0,0,2,Variance change - multiple location
-0.23045978036183393,0,0,0,0,0,0,0,0,0,0,0,0,0,0,0,0,1,0,2020-03-17,0,0,1,0,0,0,0,0,0,2,Variance change - multiple location
0.0628212119750805,0,0,0,0,0,0,0,0,0,0,0,0,0,0,0,0,1,0,2020-03-18,0,0,1,0,0,0,0,0,0,2,Variance change - multiple location
0.41999825306008803,0,0,0,0,0,0,0,0,0,0,0,0,0,0,0,0,1,0,2020-03-19,0,0,1,0,0,0,0,0,0,2,Variance change - multiple location
0.5659166200775951,0,0,0,0,0,0,0,0,0,0,0,0,0,0,0,0,1,0,2020-03-20,0,0,1,0,0,0,0,0,0,2,Variance change - multiple location
0.9650844859312437,0,0,0,0,0,0,0,0,0,0,0,0,0,0,0,0,1,0,2020-03-21,0,0,1,0,0,0,0,0,0,2,Variance change - multiple location
0.3517019532779648,0,0,0,0,0,0,0,0,0,0,0,0,0,0,0,0,1,0,2020-03-22,0,0,1,0,0,0,0,0,0,2,Variance change - multiple location
0.44736813711650214,0,0,0,0,0,0,0,0,0,0,0,0,0,0,0,0,1,0,2020-03-23,0,0,1,0,0,0,0,0,0,2,Variance change - multiple location
-0.004840142115348183,0,0,0,0,0,0,0,0,0,0,0,0,0,0,0,0,1,0,2020-03-24,0,0,1,0,0,0,0,0,0,2,Variance change - multiple location
-0.74817284328414,0,0,0,0,0,0,0,0,0,0,0,0,0,0,0,0,1,0,2020-03-25,0,0,1,0,0,0,0,0,0,2,Variance change - multiple location
0.050428794286979634,0,0,0,0,0,0,0,0,0,0,0,0,0,0,0,0,1,0,2020-03-26,0,0,1,0,0,0,0,0,0,2,Variance change - multiple location
0.5442503646651901,0,0,0,0,0,0,0,0,0,0,0,0,0,0,0,0,1,0,2020-03-27,0,0,1,0,0,0,0,0,0,2,Variance change - multiple location
-0.5184140203962939,0,0,0,0,0,0,0,0,0,0,0,0,0,0,0,0,1,0,2020-03-28,0,0,1,0,0,0,0,0,0,2,Variance change - multiple location
-0.06836960077564636,0,0,0,0,0,0,0,0,0,0,0,0,0,0,0,0,1,0,2020-03-29,0,0,1,0,0,0,0,0,0,2,Variance change - multiple location
-0.05682983771442913,0,0,0,0,0,0,0,0,0,0,0,0,0,0,0,0,1,0,2020-03-30,0,0,1,0,0,0,0,0,0,2,Variance change - multiple location
-0.9207660793869857,0,0,0,0,0,0,0,0,0,0,0,0,0,0,0,0,1,0,2020-03-31,0,0,1,0,0,0,0,0,0,2,Variance change - multiple location
0.3963119413255682,0,0,0,0,0,0,0,0,0,0,0,0,0,0,0,0,1,0,2020-04-01,0,0,1,0,0,0,0,0,0,2,Variance change - multiple location
0.4053686706304325,0,0,0,0,0,0,0,0,0,0,0,0,0,0,0,0,1,0,2020-04-02,0,0,1,0,0,0,0,0,0,2,Variance change - multiple location
-0.4119299106515459,0,0,0,0,0,0,0,0,0,0,0,0,0,0,0,0,1,0,2020-04-03,0,0,1,0,0,0,0,0,0,2,Variance change - multiple location
0.09400426477352437,0,0,0,0,0,0,0,0,0,0,0,0,0,0,0,0,1,0,2020-04-04,0,0,1,0,0,0,0,0,0,2,Variance change - multiple location
0.1879388442319067,0,0,0,0,0,0,0,0,0,0,0,0,0,0,0,0,1,0,2020-04-05,0,0,1,0,0,0,0,0,0,2,Variance change - multiple location
-0.2074929510072999,0,0,0,0,0,0,0,0,0,0,0,0,0,0,0,0,1,0,2020-04-06,0,0,1,0,0,0,0,0,0,2,Variance change - multiple location
-0.4366149896451736,0,0,0,0,0,0,0,0,0,0,0,0,0,0,0,0,1,0,2020-04-07,0,0,1,0,0,0,0,0,0,2,Variance change - multiple location
-0.3608127329739334,0,0,0,0,0,0,0,0,0,0,0,0,0,0,0,0,1,0,2020-04-08,0,0,1,0,0,0,0,0,0,2,Variance change - multiple location
0.18155862976066223,0,0,0,0,0,0,0,0,0,0,0,0,0,0,0,0,1,0,2020-04-09,0,0,1,0,0,0,0,0,0,2,Variance change - multiple location
-0.15479795279349828,0,0,0,0,0,0,0,0,0,0,0,0,0,0,0,0,1,0,2020-04-10,0,0,1,0,0,0,0,0,0,2,Variance change - multiple location
0.9071448018604813,0,0,0,0,0,0,0,0,0,0,0,0,0,0,0,0,1,0,2020-04-11,0,0,1,0,0,0,0,0,0,2,Variance change - multiple location
-0.12771070857574504,0,0,0,0,0,0,0,0,0,0,0,0,0,0,0,0,1,0,2020-04-12,0,0,1,0,0,0,0,0,0,2,Variance change - multiple location
0.812259005819173,0,0,0,0,0,0,0,0,0,0,0,0,0,0,0,0,1,0,2020-04-13,0,0,1,0,0,0,0,0,0,2,Variance change - multiple location
0.380234692119645,0,0,0,0,0,0,0,0,0,0,0,0,0,0,0,0,1,0,2020-04-14,0,0,1,0,0,0,0,0,0,2,Variance change - multiple location
-0.21720962627750415,0,0,0,0,0,0,0,0,0,0,0,0,0,0,0,0,1,0,2020-04-15,0,0,1,0,0,0,0,0,0,2,Variance change - multiple location
0.8807590542888435,0,0,0,0,0,0,0,0,0,0,0,0,0,0,0,0,1,0,2020-04-16,0,0,1,0,0,0,0,0,0,2,Variance change - multiple location
0.9917253192634758,0,0,0,0,0,0,0,0,0,0,0,0,0,0,0,0,1,0,2020-04-17,0,0,1,0,0,0,0,0,0,2,Variance change - multiple location
0.1780095796513771,0,0,0,0,0,0,0,0,0,0,0,0,0,0,0,0,1,0,2020-04-18,0,0,1,0,0,0,0,0,0,2,Variance change - multiple location
0.09969308138035748,0,0,0,0,0,0,0,0,0,0,0,0,0,0,0,0,1,0,2020-04-19,0,0,1,0,0,0,0,0,0,2,Variance change - multiple location
-0.33442438227287746,0,0,0,0,0,0,0,0,0,0,0,0,0,0,0,0,1,0,2020-04-20,0,0,1,0,0,0,0,0,0,2,Variance change - multiple location
0.08519196159643277,0,0,0,0,0,0,0,0,0,0,0,0,0,0,0,0,1,0,2020-04-21,0,0,1,0,0,0,0,0,0,2,Variance change - multiple location
0.06681004418549524,0,0,0,0,0,0,0,0,0,0,0,0,0,0,0,0,1,0,2020-04-22,0,0,1,0,0,0,0,0,0,2,Variance change - multiple location
-0.02256796241125895,0,0,0,0,0,0,0,0,0,0,0,0,0,0,0,0,1,0,2020-04-23,0,0,1,0,0,0,0,0,0,2,Variance change - multiple location
-0.62920021373287,0,0,0,0,0,0,0,0,0,0,0,0,0,0,0,0,1,0,2020-04-24,0,0,1,0,0,0,0,0,0,2,Variance change - multiple location
1.0004434050558122,0,0,0,0,0,0,0,0,0,0,0,0,0,0,0,0,1,0,2020-04-25,0,0,1,0,0,0,0,0,0,2,Variance change - multiple location
-0.8444991369716106,0,0,0,0,0,0,0,0,0,0,0,0,0,0,0,0,1,0,2020-04-26,0,0,1,0,0,0,0,0,0,2,Variance change - multiple location
0.6296489221789361,0,0,0,0,0,0,0,0,0,0,0,0,0,0,0,0,1,0,2020-04-27,0,0,1,0,0,0,0,0,0,2,Variance change - multiple location
0.575474565845561,0,0,0,0,0,0,0,0,0,0,0,0,0,0,0,0,1,0,2020-04-28,0,0,1,0,0,0,0,0,0,2,Variance change - multiple location
-0.5762884460418634,0,0,0,0,0,0,0,0,0,0,0,0,0,0,0,0,1,0,2020-04-29,0,0,1,0,0,0,0,0,0,2,Variance change - multiple location
-0.2383611415675639,0,0,0,0,0,0,0,0,0,0,0,0,0,0,0,0,1,0,2020-04-30,0,0,1,0,0,0,0,0,0,2,Variance change - multiple location
0.14184149545271146,0,0,0,0,0,0,0,0,0,0,0,0,0,0,0,0,1,0,2020-05-01,0,0,1,0,0,0,0,0,0,2,Variance change - multiple location
-0.9534850848661217,0,0,0,0,0,0,0,0,0,0,0,0,0,0,0,0,1,0,2020-05-02,0,0,1,0,0,0,0,0,0,2,Variance change - multiple location
0.044779780530134705,0,0,0,0,0,0,0,0,0,0,0,0,0,0,0,0,1,0,2020-05-03,0,0,1,0,0,0,0,0,0,2,Variance change - multiple location
-0.01836909851806493,0,0,0,0,0,0,0,0,0,0,0,0,0,0,0,0,1,0,2020-05-04,0,0,1,0,0,0,0,0,0,2,Variance change - multiple location
0.08396768951367503,0,0,0,0,0,0,0,0,0,0,0,0,0,0,0,0,1,0,2020-05-05,0,0,1,0,0,0,0,0,0,2,Variance change - multiple location
-0.29911664396483106,0,0,0,0,0,0,0,0,0,0,0,0,0,0,0,0,1,0,2020-05-06,0,0,1,0,0,0,0,0,0,2,Variance change - multiple location
-0.11071903748785847,0,0,0,0,0,0,0,0,0,0,0,0,0,0,0,0,1,0,2020-05-07,0,0,1,0,0,0,0,0,0,2,Variance change - multiple location
-0.3093827013017795,0,0,0,0,0,0,0,0,0,0,0,0,0,0,0,0,1,0,2020-05-08,0,0,1,0,0,0,0,0,0,2,Variance change - multiple location
0.9192965614507702,0,0,0,0,0,0,0,0,0,0,0,0,0,0,0,0,1,0,2020-05-09,0,0,1,0,0,0,0,0,0,2,Variance change - multiple location
0.10133259804589244,0,0,0,0,0,0,0,0,0,0,0,0,0,0,0,0,1,0,2020-05-10,0,0,1,0,0,0,0,0,0,2,Variance change - multiple location
0.24185680857071515,0,0,0,0,0,0,0,0,0,0,0,0,0,0,0,0,1,0,2020-05-11,0,0,1,0,0,0,0,0,0,2,Variance change - multiple location
-0.991060189101327,0,0,0,0,0,0,0,0,0,0,0,0,0,0,0,0,1,0,2020-05-12,0,0,1,0,0,0,0,0,0,2,Variance change - multiple location
-0.22498415523435172,0,0,0,0,0,0,0,0,0,0,0,0,0,0,0,0,1,0,2020-05-13,0,0,1,0,0,0,0,0,0,2,Variance change - multiple location
0.5461077909287351,0,0,0,0,0,0,0,0,0,0,0,0,0,0,0,0,1,0,2020-05-14,0,0,1,0,0,0,0,0,0,2,Variance change - multiple location
-0.3724521928699824,0,0,0,0,0,0,0,0,0,0,0,0,0,0,0,0,1,0,2020-05-15,0,0,1,0,0,0,0,0,0,2,Variance change - multiple location
-0.6642746029611101,0,0,0,0,0,0,0,0,0,0,0,0,0,0,0,0,1,0,2020-05-16,0,0,1,0,0,0,0,0,0,2,Variance change - multiple location
0.24002557275902983,0,0,0,0,0,0,0,0,0,0,0,0,0,0,0,0,1,0,2020-05-17,0,0,1,0,0,0,0,0,0,2,Variance change - multiple location
-0.11120104082515193,0,0,0,0,0,0,0,0,0,0,0,0,0,0,0,0,1,0,2020-05-18,0,0,1,0,0,0,0,0,0,2,Variance change - multiple location
-0.19848975698033539,0,0,0,0,0,0,0,0,0,0,0,0,0,0,0,0,1,0,2020-05-19,0,0,1,0,0,0,0,0,0,2,Variance change - multiple location
0.6629113476668956,0,0,0,0,0,0,0,0,0,0,0,0,0,0,0,0,1,0,2020-05-20,0,0,1,0,0,0,0,0,0,2,Variance change - multiple location
-0.22217348335148124,0,0,0,0,0,0,0,0,0,0,0,0,0,0,0,0,1,0,2020-05-21,0,0,1,0,0,0,0,0,0,2,Variance change - multiple location
0.5001991641158741,0,0,0,0,0,0,0,0,0,0,0,0,0,0,0,0,1,0,2020-05-22,0,0,1,0,0,0,0,0,0,2,Variance change - multiple location
0.002579301205545478,0,0,0,0,0,0,0,0,0,0,0,0,0,0,0,0,1,0,2020-05-23,0,0,1,0,0,0,0,0,0,2,Variance change - multiple location
-0.34876047787190423,0,0,0,0,0,0,0,0,0,0,0,0,0,0,0,0,1,0,2020-05-24,0,0,1,0,0,0,0,0,0,2,Variance change - multiple location
0.13743350931561193,0,0,0,0,0,0,0,0,0,0,0,0,0,0,0,0,1,0,2020-05-25,0,0,1,0,0,0,0,0,0,2,Variance change - multiple location
-0.3769906792411967,0,0,0,0,0,0,0,0,0,0,0,0,0,0,0,0,1,0,2020-05-26,0,0,1,0,0,0,0,0,0,2,Variance change - multiple location
0.0474253563085002,0,0,0,0,0,0,0,0,0,0,0,0,0,0,0,0,1,0,2020-05-27,0,0,1,0,0,0,0,0,0,2,Variance change - multiple location
-0.17030543651119714,0,0,0,0,0,0,0,0,0,0,0,0,0,0,0,0,1,0,2020-05-28,0,0,1,0,0,0,0,0,0,2,Variance change - multiple location
-0.07977495903805491,0,0,0,0,0,0,0,0,0,0,0,0,0,0,0,0,1,0,2020-05-29,0,0,1,0,0,0,0,0,0,2,Variance change - multiple location
0.5957681345925749,0,0,0,0,0,0,0,0,0,0,0,0,0,0,0,0,1,0,2020-05-30,0,0,1,0,0,0,0,0,0,2,Variance change - multiple location
0.4112234093650803,0,0,0,0,0,0,0,0,0,0,0,0,0,0,0,0,1,0,2020-05-31,0,0,1,0,0,0,0,0,0,2,Variance change - multiple location
0.5905081957874366,0,0,0,0,0,0,0,0,0,0,0,0,0,0,0,0,1,0,2020-06-01,0,0,1,0,0,0,0,0,0,2,Variance change - multiple location
0.6546760023226291,0,0,0,0,0,0,0,0,0,0,0,0,0,0,0,0,1,0,2020-06-02,0,0,1,0,0,0,0,0,0,2,Variance change - multiple location
-0.31702043870039115,0,0,0,0,0,0,0,0,0,0,0,0,0,0,0,0,1,0,2020-06-03,0,0,1,0,0,0,0,0,0,2,Variance change - multiple location
0.5074536402479202,0,0,0,0,0,0,0,0,0,0,0,0,0,0,0,0,1,0,2020-06-04,0,0,1,0,0,0,0,0,0,2,Variance change - multiple location
-0.8610129941384392,0,0,0,0,0,0,0,0,0,0,0,0,0,0,0,0,1,0,2020-06-05,0,0,1,0,0,0,0,0,0,2,Variance change - multiple location
-0.641602727548174,0,0,0,0,0,0,0,0,0,0,0,0,0,0,0,0,1,0,2020-06-06,0,0,1,0,0,0,0,0,0,2,Variance change - multiple location
0.6864890086539174,0,0,0,0,0,0,0,0,0,0,0,0,0,0,0,0,1,0,2020-06-07,0,0,1,0,0,0,0,0,0,2,Variance change - multiple location
-0.48584710136665954,0,0,0,0,0,0,0,0,0,0,0,0,0,0,0,0,1,0,2020-06-08,0,0,1,0,0,0,0,0,0,2,Variance change - multiple location
-0.10515931131616632,0,0,0,0,0,0,0,0,0,0,0,0,0,0,0,0,1,0,2020-06-09,0,0,1,0,0,0,0,0,0,2,Variance change - multiple location
-0.24188174464137693,0,0,0,0,0,0,0,0,0,0,0,0,0,0,0,0,1,0,2020-06-10,0,0,1,0,0,0,0,0,0,2,Variance change - multiple location
0.8503774925807107,0,0,0,0,0,0,0,0,0,0,0,0,0,0,0,0,1,0,2020-06-11,0,0,1,0,0,0,0,0,0,2,Variance change - multiple location
-0.23615718008289113,0,0,0,0,0,0,0,0,0,0,0,0,0,0,0,0,1,0,2020-06-12,0,0,1,0,0,0,0,0,0,2,Variance change - multiple location
-0.7226475507925058,0,0,0,0,0,0,0,0,0,0,0,0,0,0,0,0,1,0,2020-06-13,0,0,1,0,0,0,0,0,0,2,Variance change - multiple location
0.10918640320779767,0,0,0,0,0,0,0,0,0,0,0,0,0,0,0,0,1,0,2020-06-14,0,0,1,0,0,0,0,0,0,2,Variance change - multiple location
-0.6667297901732255,0,0,0,0,0,0,0,0,0,0,0,0,0,0,0,0,1,0,2020-06-15,0,0,1,0,0,0,0,0,0,2,Variance change - multiple location
0.42956926674134477,0,0,0,0,0,0,0,0,0,0,0,0,0,0,0,0,1,0,2020-06-16,0,0,1,0,0,0,0,0,0,2,Variance change - multiple location
-0.676467889389442,0,0,0,0,0,0,0,0,0,0,0,0,0,0,0,0,1,0,2020-06-17,0,0,1,0,0,0,0,0,0,2,Variance change - multiple location
0.5944832791181387,0,0,0,0,0,0,0,0,0,0,0,0,0,0,0,0,1,0,2020-06-18,0,0,1,0,0,0,0,0,0,2,Variance change - multiple location
-0.24450251477980534,0,0,0,0,0,0,0,0,0,0,0,0,0,0,0,0,1,0,2020-06-19,0,0,1,0,0,0,0,0,0,2,Variance change - multiple location
-0.16238496626406984,0,0,0,0,0,0,0,0,0,0,0,0,0,0,0,0,1,0,2020-06-20,0,0,1,0,0,0,0,0,0,2,Variance change - multiple location
-1.668815738663814,0,0,0,0,0,0,0,0,0,0,0,0,0,0,0,0,1,0,2020-06-21,0,0,1,0,0,0,0,0,0,2,Variance change - multiple location
-0.055205388726360494,0,0,0,0,0,0,0,0,0,0,0,0,0,0,0,0,1,0,2020-06-22,0,0,1,0,0,0,0,0,0,2,Variance change - multiple location
0.05895158845805015,0,0,0,0,0,0,0,0,0,0,0,0,0,0,0,0,1,0,2020-06-23,0,0,1,0,0,0,0,0,0,2,Variance change - multiple location
0.11634398302067182,0,0,0,0,0,0,0,0,0,0,0,0,0,0,0,0,1,0,2020-06-24,0,0,1,0,0,0,0,0,0,2,Variance change - multiple location
0.1993846978335255,0,0,0,0,0,0,0,0,0,0,0,0,0,0,0,0,1,0,2020-06-25,0,0,1,0,0,0,0,0,0,2,Variance change - multiple location
-0.8819069059711354,0,0,0,0,0,0,0,0,0,0,0,0,0,0,0,0,1,0,2020-06-26,0,0,1,0,0,0,0,0,0,2,Variance change - multiple location
0.005111978486929742,0,0,0,0,0,0,0,0,0,0,0,0,0,0,0,0,1,0,2020-06-27,0,0,1,0,0,0,0,0,0,2,Variance change - multiple location
-0.09984028660793652,0,0,0,0,0,0,0,0,0,0,0,0,0,0,0,0,1,0,2020-06-28,0,0,1,0,0,0,0,0,0,2,Variance change - multiple location
1.0144367388198874,0,0,0,0,0,0,0,0,0,0,0,0,0,0,0,0,1,0,2020-06-29,0,0,1,0,0,0,0,0,0,2,Variance change - multiple location
0.33011392295491626,0,0,0,0,0,0,0,0,0,0,0,0,0,0,0,0,1,0,2020-06-30,0,0,1,0,0,0,0,0,0,2,Variance change - multiple location
0.20691293040624067,0,0,0,0,0,0,0,0,0,0,0,0,0,0,0,0,1,0,2020-07-01,0,0,1,0,0,0,0,0,0,2,Variance change - multiple location
-0.3943343476321017,0,0,0,0,0,0,0,0,0,0,0,0,0,0,0,0,1,0,2020-07-02,0,0,1,0,0,0,0,0,0,2,Variance change - multiple location
0.4375428557297183,0,0,0,0,0,0,0,0,0,0,0,0,0,0,0,0,1,0,2020-07-03,0,0,1,0,0,0,0,0,0,2,Variance change - multiple location
0.1961728299486828,0,0,0,0,0,0,0,0,0,0,0,0,0,0,0,0,1,0,2020-07-04,0,0,1,0,0,0,0,0,0,2,Variance change - multiple location
0.10322218185103772,0,0,0,0,0,0,0,0,0,0,0,0,0,0,0,0,1,0,2020-07-05,0,0,1,0,0,0,0,0,0,2,Variance change - multiple location
-0.03524156476575625,0,0,0,0,0,0,0,0,0,0,0,0,0,0,0,0,1,0,2020-07-06,0,0,1,0,0,0,0,0,0,2,Variance change - multiple location
0.3374592991609243,0,0,0,0,0,0,0,0,0,0,0,0,0,0,0,0,1,0,2020-07-07,0,0,1,0,0,0,0,0,0,2,Variance change - multiple location
0.7473286335453087,0,0,0,0,0,0,0,0,0,0,0,0,0,0,0,0,1,0,2020-07-08,0,0,1,0,0,0,0,0,0,2,Variance change - multiple location
-0.17104485449909446,0,0,0,0,0,0,0,0,0,0,0,0,0,0,0,0,1,0,2020-07-09,0,0,1,0,0,0,0,0,0,2,Variance change - multiple location
-0.6915294175309287,0,0,0,0,0,0,0,0,0,0,0,0,0,0,0,0,1,0,2020-07-10,0,0,1,0,0,0,0,0,0,2,Variance change - multiple location
0.9733688921499632,0,0,0,0,0,0,0,0,0,0,0,0,0,0,0,0,1,0,2020-07-11,0,0,1,0,0,0,0,0,0,2,Variance change - multiple location
-0.3302540891597699,0,0,0,0,0,0,0,0,0,0,0,0,0,0,0,0,1,0,2020-07-12,0,0,1,0,0,0,0,0,0,2,Variance change - multiple location
0.37567870684671806,0,0,0,0,0,0,0,0,0,0,0,0,0,0,0,0,1,0,2020-07-13,0,0,1,0,0,0,0,0,0,2,Variance change - multiple location
-0.5810612223948664,0,0,0,0,0,0,0,0,0,0,0,0,0,0,0,0,1,0,2020-07-14,0,0,1,0,0,0,0,0,0,2,Variance change - multiple location
-0.01953265292000896,0,0,0,0,0,0,0,0,0,0,0,0,0,0,0,0,1,0,2020-07-15,0,0,1,0,0,0,0,0,0,2,Variance change - multiple location
-0.5165127406025789,0,0,0,0,0,0,0,0,0,0,0,0,0,0,0,0,1,0,2020-07-16,0,0,1,0,0,0,0,0,0,2,Variance change - multiple location
-0.29548385940179744,0,0,0,0,0,0,0,0,0,0,0,0,0,0,0,0,1,0,2020-07-17,0,0,1,0,0,0,0,0,0,2,Variance change - multiple location
0.3587067852018206,0,0,0,0,0,0,0,0,0,0,0,0,0,0,0,0,1,0,2020-07-18,0,0,1,0,0,0,0,0,0,2,Variance change - multiple location
0.021676250646416432,0,0,0,0,0,0,0,0,0,0,0,0,0,0,0,0,1,0,2020-07-19,0,0,1,0,0,0,0,0,0,2,Variance change - multiple location
1.005565076513606,0,0,0,0,0,0,0,0,0,0,0,0,0,0,0,0,1,0,2020-07-20,0,0,1,0,0,0,0,0,0,2,Variance change - multiple location
-0.12766211779195508,0,0,0,0,0,0,0,0,0,0,0,0,0,0,0,0,1,0,2020-07-21,0,0,1,0,0,0,0,0,0,2,Variance change - multiple location
0.529809639417497,0,0,0,0,0,0,0,0,0,0,0,0,0,0,0,0,1,0,2020-07-22,0,0,1,0,0,0,0,0,0,2,Variance change - multiple location
-0.21071092351374746,0,0,0,0,0,0,0,0,0,0,0,0,0,0,0,0,1,0,2020-07-23,0,0,1,0,0,0,0,0,0,2,Variance change - multiple location
-0.17822160830879774,0,0,0,0,0,0,0,0,0,0,0,0,0,0,0,0,1,0,2020-07-24,0,0,1,0,0,0,0,0,0,2,Variance change - multiple location
-0.16388373183996163,0,0,0,0,0,0,0,0,0,0,0,0,0,0,0,0,1,0,2020-07-25,0,0,1,0,0,0,0,0,0,2,Variance change - multiple location
0.35836767731629143,0,0,0,0,0,0,0,0,0,0,0,0,0,0,0,0,1,0,2020-07-26,0,0,1,0,0,0,0,0,0,2,Variance change - multiple location
0.3563776875328371,0,0,0,0,0,0,0,0,0,0,0,0,0,0,0,0,1,0,2020-07-27,0,0,1,0,0,0,0,0,0,2,Variance change - multiple location
0.5086837991159122,0,0,0,0,0,0,0,0,0,0,0,0,0,0,0,0,1,0,2020-07-28,0,0,1,0,0,0,0,0,0,2,Variance change - multiple location
0.7257589196402523,0,0,0,0,0,0,0,0,0,0,0,0,0,0,0,0,1,0,2020-07-29,0,0,1,0,0,0,0,0,0,2,Variance change - multiple location
-0.29805055643173695,0,0,0,0,0,0,0,0,0,0,0,0,0,0,0,0,1,0,2020-07-30,0,0,1,0,0,0,0,0,0,2,Variance change - multiple location
0.22810059802933214,0,0,0,0,0,0,0,0,0,0,0,0,0,0,0,0,1,0,2020-07-31,0,0,1,0,0,0,0,0,0,2,Variance change - multiple location
-0.5015729355516038,0,0,0,0,0,0,0,0,0,0,0,0,0,0,0,0,1,0,2020-08-01,0,0,1,0,0,0,0,0,0,2,Variance change - multiple location
0.2966740489865529,0,0,0,0,0,0,0,0,0,0,0,0,0,0,0,0,1,0,2020-08-02,0,0,1,0,0,0,0,0,0,2,Variance change - multiple location
0.30518461930296786,0,0,0,0,0,0,0,0,0,0,0,0,0,0,0,0,1,0,2020-08-03,0,0,1,0,0,0,0,0,0,2,Variance change - multiple location
0.422219007769322,0,0,0,0,0,0,0,0,0,0,0,0,0,0,0,0,1,0,2020-08-04,0,0,1,0,0,0,0,0,0,2,Variance change - multiple location
0.40964343743236464,0,0,0,0,0,0,0,0,0,0,0,0,0,0,0,0,1,0,2020-08-05,0,0,1,0,0,0,0,0,0,2,Variance change - multiple location
0.14158065034473713,0,0,0,0,0,0,0,0,0,0,0,0,0,0,0,0,1,0,2020-08-06,0,0,1,0,0,0,0,0,0,2,Variance change - multiple location
-0.4455282910342842,0,0,0,0,0,0,0,0,0,0,0,0,0,0,0,0,1,0,2020-08-07,0,0,1,0,0,0,0,0,0,2,Variance change - multiple location
0.17096352918845278,0,0,0,0,0,0,0,0,0,0,0,0,0,0,0,0,1,0,2020-08-08,0,0,1,0,0,0,0,0,0,2,Variance change - multiple location
0.0828076264103663,0,0,0,0,0,0,0,0,0,0,0,0,0,0,0,0,1,0,2020-08-09,0,0,1,0,0,0,0,0,0,2,Variance change - multiple location
-0.060784322509752506,0,0,0,0,0,0,0,0,0,0,0,0,0,0,0,0,1,0,2020-08-10,0,0,1,0,0,0,0,0,0,2,Variance change - multiple location
0.09447205072613347,0,0,0,0,0,0,0,0,0,0,0,0,0,0,0,0,1,0,2020-08-11,0,0,1,0,0,0,0,0,0,2,Variance change - multiple location
0.31545131264275444,0,0,0,0,0,0,0,0,0,0,0,0,0,0,0,0,1,0,2020-08-12,0,0,1,0,0,0,0,0,0,2,Variance change - multiple location
-0.5102096208543311,0,0,0,0,0,0,0,0,0,0,0,0,0,0,0,0,1,0,2020-08-13,0,0,1,0,0,0,0,0,0,2,Variance change - multiple location
0.6791267600417339,0,0,0,0,0,0,0,0,0,0,0,0,0,0,0,0,1,0,2020-08-14,0,0,1,0,0,0,0,0,0,2,Variance change - multiple location
-0.2008258806495992,0,0,0,0,0,0,0,0,0,0,0,0,0,0,0,0,1,0,2020-08-15,0,0,1,0,0,0,0,0,0,2,Variance change - multiple location
0.04699198672460736,0,0,0,0,0,0,0,0,0,0,0,0,0,0,0,0,1,0,2020-08-16,0,0,1,0,0,0,0,0,0,2,Variance change - multiple location
-0.3039820010308025,0,0,0,0,0,0,0,0,0,0,0,0,0,0,0,0,1,0,2020-08-17,0,0,1,0,0,0,0,0,0,2,Variance change - multiple location
-0.4369517316253669,0,0,0,0,0,0,0,0,0,0,0,0,0,0,0,0,1,0,2020-08-18,0,0,1,0,0,0,0,0,0,2,Variance change - multiple location
-0.11202858144713733,0,0,0,0,0,0,0,0,0,0,0,0,0,0,0,0,1,0,2020-08-19,0,0,1,0,0,0,0,0,0,2,Variance change - multiple location
-0.4854404355416422,0,0,0,0,0,0,0,0,0,0,0,0,0,0,0,0,1,0,2020-08-20,0,0,1,0,0,0,0,0,0,2,Variance change - multiple location
-0.6810347026152188,0,0,0,0,0,0,0,0,0,0,0,0,0,0,0,0,1,0,2020-08-21,0,0,1,0,0,0,0,0,0,2,Variance change - multiple location
-0.12527240823282376,0,0,0,0,0,0,0,0,0,0,0,0,0,0,0,0,1,0,2020-08-22,0,0,1,0,0,0,0,0,0,2,Variance change - multiple location
-0.4241929957563835,0,0,0,0,0,0,0,0,0,0,0,0,0,0,0,0,1,0,2020-08-23,0,0,1,0,0,0,0,0,0,2,Variance change - multiple location
0.11289796643730443,0,0,0,0,0,0,0,0,0,0,0,0,0,0,0,0,1,0,2020-08-24,0,0,1,0,0,0,0,0,0,2,Variance change - multiple location
0.03705169752701211,0,0,0,0,0,0,0,0,0,0,0,0,0,0,0,0,1,0,2020-08-25,0,0,1,0,0,0,0,0,0,2,Variance change - multiple location
0.6221602534790718,0,0,0,0,0,0,0,0,0,0,0,0,0,0,0,0,1,0,2020-08-26,0,0,1,0,0,0,0,0,0,2,Variance change - multiple location
0.4096475479902365,0,0,0,0,0,0,0,0,0,0,0,0,0,0,0,0,1,0,2020-08-27,0,0,1,0,0,0,0,0,0,2,Variance change - multiple location
0.04000698351494259,0,0,0,0,0,0,0,0,0,0,0,0,0,0,0,0,1,0,2020-08-28,0,0,1,0,0,0,0,0,0,2,Variance change - multiple location
-0.16515650787716232,0,0,0,0,0,0,0,0,0,0,0,0,0,0,0,0,1,0,2020-08-29,0,0,1,0,0,0,0,0,0,2,Variance change - multiple location
0.1595492562535026,0,0,0,0,0,0,0,0,0,0,0,0,0,0,0,0,1,0,2020-08-30,0,0,1,0,0,0,0,0,0,2,Variance change - multiple location
0.09781588031796891,0,0,0,0,0,0,0,0,0,0,0,0,0,0,0,0,1,0,2020-08-31,0,0,1,0,0,0,0,0,0,2,Variance change - multiple location
0.9374442474685313,0,0,0,0,0,0,0,0,0,0,0,0,0,0,0,0,1,0,2020-09-01,0,0,1,0,0,0,0,0,0,2,Variance change - multiple location
-0.014578670254961143,0,0,0,0,0,0,0,0,0,0,0,0,0,0,0,0,1,0,2020-09-02,0,0,1,0,0,0,0,0,0,2,Variance change - multiple location
0.03284842026392071,0,0,0,0,0,0,0,0,0,0,0,0,0,0,0,0,1,0,2020-09-03,0,0,1,0,0,0,0,0,0,2,Variance change - multiple location
-0.5244937658984141,0,0,0,0,0,0,0,0,0,0,0,0,0,0,0,0,1,0,2020-09-04,0,0,1,0,0,0,0,0,0,2,Variance change - multiple location
-0.10265965018552303,0,0,0,0,0,0,0,0,0,0,0,0,0,0,0,0,1,0,2020-09-05,0,0,1,0,0,0,0,0,0,2,Variance change - multiple location
-0.3507748531246391,0,0,0,0,0,0,0,0,0,0,0,0,0,0,0,0,1,0,2020-09-06,0,0,1,0,0,0,0,0,0,2,Variance change - multiple location
-0.15996200130206414,0,0,0,0,0,0,0,0,0,0,0,0,0,0,0,0,1,0,2020-09-07,0,0,1,0,0,0,0,0,0,2,Variance change - multiple location
-1.9103879796384213,0,0,0,0,0,0,0,0,0,0,0,0,0,0,0,0,1,0,2020-09-08,1,0,1,0,0,0,0,0,0,2,Variance change - multiple location
0.1840735181455699,0,0,0,0,0,0,0,0,0,0,0,0,0,0,0,0,1,0,2020-09-09,0,0,1,0,0,0,0,0,0,2,Variance change - multiple location
-0.9681479706688474,0,0,0,0,0,0,0,0,0,0,0,0,0,0,0,0,1,0,2020-09-10,0,0,1,0,0,0,0,0,0,2,Variance change - multiple location
0.7925638289093266,0,0,0,0,0,0,0,0,0,0,0,0,0,0,0,0,1,0,2020-09-11,0,0,1,0,0,0,0,0,0,2,Variance change - multiple location
-0.5008760634584002,0,0,0,0,0,0,0,0,0,0,0,0,0,0,0,0,1,0,2020-09-12,0,0,1,0,0,0,0,0,0,2,Variance change - multiple location
0.8202640862429871,0,0,0,0,0,0,0,0,0,0,0,0,0,0,0,0,1,0,2020-09-13,0,0,1,0,0,0,0,0,0,2,Variance change - multiple location
-1.013399256071809,0,0,0,0,0,0,0,0,0,0,0,0,0,0,0,0,1,0,2020-09-14,0,0,1,0,0,0,0,0,0,2,Variance change - multiple location
1.4325657077073026,0,0,0,0,0,0,0,0,0,0,0,0,0,0,0,0,1,0,2020-09-15,0,0,1,0,0,0,0,0,0,2,Variance change - multiple location
-1.5074616888083505,0,0,0,0,0,0,0,0,0,0,0,0,0,0,0,0,1,0,2020-09-16,0,0,1,0,0,0,0,0,0,2,Variance change - multiple location
-0.5373117813691601,0,0,0,0,0,0,0,0,0,0,0,0,0,0,0,0,1,0,2020-09-17,0,0,1,0,0,0,0,0,0,2,Variance change - multiple location
-0.5105926361595103,0,0,0,0,0,0,0,0,0,0,0,0,0,0,0,0,1,0,2020-09-18,0,0,1,0,0,0,0,0,0,2,Variance change - multiple location
-0.29027883458312803,0,0,0,0,0,0,0,0,0,0,0,0,0,0,0,0,1,0,2020-09-19,0,0,1,0,0,0,0,0,0,2,Variance change - multiple location
-0.13153185141782744,0,0,0,0,0,0,0,0,0,0,0,0,0,0,0,0,1,0,2020-09-20,0,0,1,0,0,0,0,0,0,2,Variance change - multiple location
-1.3062958839152596,0,0,0,0,0,0,0,0,0,0,0,0,0,0,0,0,1,0,2020-09-21,0,0,1,0,0,0,0,0,0,2,Variance change - multiple location
0.08976830184166078,0,0,0,0,0,0,0,0,0,0,0,0,0,0,0,0,1,0,2020-09-22,0,0,1,0,0,0,0,0,0,2,Variance change - multiple location
0.8732249155834193,0,0,0,0,0,0,0,0,0,0,0,0,0,0,0,0,1,0,2020-09-23,0,0,1,0,0,0,0,0,0,2,Variance change - multiple location
-0.10613358466081783,0,0,0,0,0,0,0,0,0,0,0,0,0,0,0,0,1,0,2020-09-24,0,0,1,0,0,0,0,0,0,2,Variance change - multiple location
0.31200495188598953,0,0,0,0,0,0,0,0,0,0,0,0,0,0,0,0,1,0,2020-09-25,0,0,1,0,0,0,0,0,0,2,Variance change - multiple location
0.21994264261591592,0,0,0,0,0,0,0,0,0,0,0,0,0,0,0,0,1,0,2020-09-26,0,0,1,0,0,0,0,0,0,2,Variance change - multiple location
-1.4321757019196246,0,0,0,0,0,0,0,0,0,0,0,0,0,0,0,0,1,0,2020-09-27,0,0,1,0,0,0,0,0,0,2,Variance change - multiple location
-0.09209104689501338,0,0,0,0,0,0,0,0,0,0,0,0,0,0,0,0,1,0,2020-09-28,0,0,1,0,0,0,0,0,0,2,Variance change - multiple location
0.48424022222578983,0,0,0,0,0,0,0,0,0,0,0,0,0,0,0,0,1,0,2020-09-29,1,0,1,0,0,0,0,0,0,2,Variance change - multiple location
0.6489578679623862,0,0,0,0,0,0,0,0,0,0,0,0,0,0,0,0,1,0,2020-09-30,0,0,1,0,0,0,0,0,0,2,Variance change - multiple location
0.9820321172280579,0,0,0,0,0,0,0,0,0,0,0,0,0,0,0,0,1,0,2020-10-01,0,0,1,0,0,0,0,0,0,2,Variance change - multiple location
-0.5529060205296185,0,0,0,0,0,0,0,0,0,0,0,0,0,0,0,0,1,0,2020-10-02,0,0,1,0,0,0,0,0,0,2,Variance change - multiple location
-0.6952342697357478,0,0,0,0,0,0,0,0,0,0,0,0,0,0,0,0,1,0,2020-10-03,0,0,1,0,0,0,0,0,0,2,Variance change - multiple location
1.4336894034711902,0,0,0,0,0,0,0,0,0,0,0,0,0,0,0,0,1,0,2020-10-04,0,0,1,0,0,0,0,0,0,2,Variance change - multiple location
0.5218893711570234,0,0,0,0,0,0,0,0,0,0,0,0,0,0,0,0,1,0,2020-10-05,0,0,1,0,0,0,0,0,0,2,Variance change - multiple location
-0.5646221794399862,0,0,0,0,0,0,0,0,0,0,0,0,0,0,0,0,1,0,2020-10-06,0,0,1,0,0,0,0,0,0,2,Variance change - multiple location
0.5808845168553921,0,0,0,0,0,0,0,0,0,0,0,0,0,0,0,0,1,0,2020-10-07,0,0,1,0,0,0,0,0,0,2,Variance change - multiple location
-0.8128972001875641,0,0,0,0,0,0,0,0,0,0,0,0,0,0,0,0,1,0,2020-10-08,0,0,1,0,0,0,0,0,0,2,Variance change - multiple location
0.516769702486579,0,0,0,0,0,0,0,0,0,0,0,0,0,0,0,0,1,0,2020-10-09,0,0,1,0,0,0,0,0,0,2,Variance change - multiple location
-0.31303067058510514,0,0,0,0,0,0,0,0,0,0,0,0,0,0,0,0,1,0,2020-10-10,0,0,1,0,0,0,0,0,0,2,Variance change - multiple location
1.1358703886493617,0,0,0,0,0,0,0,0,0,0,0,0,0,0,0,0,1,0,2020-10-11,0,0,1,0,0,0,0,0,0,2,Variance change - multiple location
0.5063226480959133,0,0,0,0,0,0,0,0,0,0,0,0,0,0,0,0,1,0,2020-10-12,0,0,1,0,0,0,0,0,0,2,Variance change - multiple location
-2.5114730915039942,0,0,0,0,0,0,0,0,0,0,0,0,0,0,0,0,1,0,2020-10-13,0,0,1,0,0,0,0,0,0,2,Variance change - multiple location
1.1549494988809315,0,0,0,0,0,0,0,0,0,0,0,0,0,0,0,0,1,0,2020-10-14,0,0,1,0,0,0,0,0,0,2,Variance change - multiple location
-1.228091954690401,0,0,0,0,0,0,0,0,0,0,0,0,0,0,0,0,1,0,2020-10-15,0,0,1,0,0,0,0,0,0,2,Variance change - multiple location
1.5002170349574535,0,0,0,0,0,0,0,0,0,0,0,0,0,0,0,0,1,0,2020-10-16,0,0,1,0,0,0,0,0,0,2,Variance change - multiple location
-2.224727105558545,0,0,0,0,0,0,0,0,0,0,0,0,0,0,0,0,1,0,2020-10-17,0,0,1,0,0,0,0,0,0,2,Variance change - multiple location
2.547175987687302,0,0,0,0,0,0,0,0,0,0,0,0,0,0,0,0,1,0,2020-10-18,0,0,1,0,0,0,0,0,0,2,Variance change - multiple location
0.20456187794608535,0,0,0,0,0,0,0,0,0,0,0,0,0,0,0,0,1,0,2020-10-19,0,0,1,0,0,0,0,0,0,2,Variance change - multiple location
-1.8797067714003186,0,0,0,0,0,0,0,0,0,0,0,0,0,0,0,0,1,0,2020-10-20,0,0,1,0,0,0,0,0,0,2,Variance change - multiple location
2.680096356270059,0,0,0,0,0,0,0,0,0,0,0,0,0,0,0,0,1,0,2020-10-21,0,0,1,0,0,0,0,0,0,2,Variance change - multiple location
1.477148179860701,0,0,0,0,0,0,0,0,0,0,0,0,0,0,0,0,1,0,2020-10-22,0,0,1,0,0,0,0,0,0,2,Variance change - multiple location
-0.7369455482929581,0,0,0,0,0,0,0,0,0,0,0,0,0,0,0,0,1,0,2020-10-23,0,0,1,0,0,0,0,0,0,2,Variance change - multiple location
1.2790654291026282,0,0,0,0,0,0,0,0,0,0,0,0,0,0,0,0,1,0,2020-10-24,0,0,1,0,0,0,0,0,0,2,Variance change - multiple location
0.5518883752554414,0,0,0,0,0,0,0,0,0,0,0,0,0,0,0,0,1,0,2020-10-25,0,0,1,0,0,0,0,0,0,2,Variance change - multiple location
-1.8996145477258948,0,0,0,0,0,0,0,0,0,0,0,0,0,0,0,0,1,0,2020-10-26,0,0,1,0,0,0,0,0,0,2,Variance change - multiple location
1.4730163501078541,0,0,0,0,0,0,0,0,0,0,0,0,0,0,0,0,1,0,2020-10-27,0,0,1,0,0,0,0,0,0,2,Variance change - multiple location
-1.2427880847714368,0,0,0,0,0,0,0,0,0,0,0,0,0,0,0,0,1,0,2020-10-28,0,0,1,0,0,0,0,0,0,2,Variance change - multiple location
0.8592812111086247,0,0,0,0,0,0,0,0,0,0,0,0,0,0,0,0,1,0,2020-10-29,0,0,1,0,0,0,0,0,0,2,Variance change - multiple location
-1.526189573715617,0,0,0,0,0,0,0,0,0,0,0,0,0,0,0,0,1,0,2020-10-30,0,0,1,0,0,0,0,0,0,2,Variance change - multiple location
0.12937421120098455,0,0,0,0,0,0,0,0,0,0,0,0,0,0,0,0,1,0,2020-10-31,0,0,1,0,0,0,0,0,0,2,Variance change - multiple location
-1.4937903175912353,0,0,0,0,0,0,0,0,0,0,0,0,0,0,0,0,1,0,2020-11-01,0,0,1,0,0,0,0,0,0,2,Variance change - multiple location
-0.8580131394983743,0,0,0,0,0,0,0,0,0,0,0,0,0,0,0,0,1,0,2020-11-02,0,0,1,0,0,0,0,0,0,2,Variance change - multiple location
0.2190717905902591,0,0,0,0,0,0,0,0,0,0,0,0,0,0,0,0,1,0,2020-11-03,0,0,1,0,0,0,0,0,0,2,Variance change - multiple location
-0.37717305506260185,0,0,0,0,0,0,0,0,0,0,0,0,0,0,0,0,1,0,2020-11-04,0,0,1,0,0,0,0,0,0,2,Variance change - multiple location
-1.5158503870357525,0,0,0,0,0,0,0,0,0,0,0,0,0,0,0,0,1,0,2020-11-05,0,0,1,0,0,0,0,0,0,2,Variance change - multiple location
1.0187893416232394,0,0,0,0,0,0,0,0,0,0,0,0,0,0,0,0,1,0,2020-11-06,0,0,1,0,0,0,0,0,0,2,Variance change - multiple location
-0.5008619817303119,0,0,0,0,0,0,0,0,0,0,0,0,0,0,0,0,1,0,2020-11-07,0,0,1,0,0,0,0,0,0,2,Variance change - multiple location
-0.214498302885874,0,0,0,0,0,0,0,0,0,0,0,0,0,0,0,0,1,0,2020-11-08,0,0,1,0,0,0,0,0,0,2,Variance change - multiple location
1.573942652660416,0,0,0,0,0,0,0,0,0,0,0,0,0,0,0,0,1,0,2020-11-09,0,0,1,0,0,0,0,0,0,2,Variance change - multiple location
0.11753508374802814,0,0,0,0,0,0,0,0,0,0,0,0,0,0,0,0,1,0,2020-11-10,0,0,1,0,0,0,0,0,0,2,Variance change - multiple location
-1.139472666752696,0,0,0,0,0,0,0,0,0,0,0,0,0,0,0,0,1,0,2020-11-11,0,0,1,0,0,0,0,0,0,2,Variance change - multiple location
-0.17996466276234444,0,0,0,0,0,0,0,0,0,0,0,0,0,0,0,0,1,0,2020-11-12,0,0,1,0,0,0,0,0,0,2,Variance change - multiple location
-0.8348225944277564,0,0,0,0,0,0,0,0,0,0,0,0,0,0,0,0,1,0,2020-11-13,0,0,1,0,0,0,0,0,0,2,Variance change - multiple location
2.3746524190101,0,0,0,0,0,0,0,0,0,0,0,0,0,0,0,0,1,0,2020-11-14,0,0,1,0,0,0,0,0,0,2,Variance change - multiple location
-0.10677586129306889,0,0,0,0,0,0,0,0,0,0,0,0,0,0,0,0,1,0,2020-11-15,0,0,1,0,0,0,0,0,0,2,Variance change - multiple location
1.8319353894692305,0,0,0,0,0,0,0,0,0,0,0,0,0,0,0,0,1,0,2020-11-16,0,0,1,0,0,0,0,0,0,2,Variance change - multiple location
-0.90194021979604,0,0,0,0,0,0,0,0,0,0,0,0,0,0,0,0,1,0,2020-11-17,0,0,1,0,0,0,0,0,0,2,Variance change - multiple location
1.7657203584989758,0,0,0,0,0,0,0,0,0,0,0,0,0,0,0,0,1,0,2020-11-18,0,0,1,0,0,0,0,0,0,2,Variance change - multiple location
0.4008369868183891,0,0,0,0,0,0,0,0,0,0,0,0,0,0,0,0,1,0,2020-11-19,0,0,1,0,0,0,0,0,0,2,Variance change - multiple location
0.08524932285595963,0,0,0,0,0,0,0,0,0,0,0,0,0,0,0,0,1,0,2020-11-20,0,0,1,0,0,0,0,0,0,2,Variance change - multiple location
-0.1651696477403097,0,0,0,0,0,0,0,0,0,0,0,0,0,0,0,0,1,0,2020-11-21,0,0,1,0,0,0,0,0,0,2,Variance change - multiple location
0.11737711152175678,0,0,0,0,0,0,0,0,0,0,0,0,0,0,0,0,1,0,2020-11-22,0,0,1,0,0,0,0,0,0,2,Variance change - multiple location
-2.6861777508006277,0,0,0,0,0,0,0,0,0,0,0,0,0,0,0,0,1,0,2020-11-23,0,0,1,0,0,0,0,0,0,2,Variance change - multiple location
-1.6445613418405773,0,0,0,0,0,0,0,0,0,0,0,0,0,0,0,0,1,0,2020-11-24,0,0,1,0,0,0,0,0,0,2,Variance change - multiple location
-1.1305446166345934,0,0,0,0,0,0,0,0,0,0,0,0,0,0,0,0,1,0,2020-11-25,0,0,1,0,0,0,0,0,0,2,Variance change - multiple location
-2.634131730790637,0,0,0,0,0,0,0,0,0,0,0,0,0,0,0,0,1,0,2020-11-26,0,0,1,0,0,0,0,0,0,2,Variance change - multiple location
1.067763265393027,0,0,0,0,0,0,0,0,0,0,0,0,0,0,0,0,1,0,2020-11-27,0,0,1,0,0,0,0,0,0,2,Variance change - multiple location
-3.6388869663877186,0,0,0,0,0,0,0,0,0,0,0,0,0,0,0,0,1,0,2020-11-28,0,0,1,0,0,0,0,0,0,2,Variance change - multiple location
-1.527923755265234,0,0,0,0,0,0,0,0,0,0,0,0,0,0,0,0,1,0,2020-11-29,0,0,1,0,0,0,0,0,0,2,Variance change - multiple location
-3.2872678525922385,0,0,0,0,0,0,0,0,0,0,0,0,0,0,0,0,1,0,2020-11-30,0,0,1,0,0,0,0,0,0,2,Variance change - multiple location
1.0052474676018515,0,0,0,0,0,0,0,0,0,0,0,0,0,0,0,0,1,0,2020-12-01,0,0,1,0,0,0,0,0,0,2,Variance change - multiple location
-1.08321276824292,0,0,0,0,0,0,0,0,0,0,0,0,0,0,0,0,1,0,2020-12-02,0,0,1,0,0,0,0,0,0,2,Variance change - multiple location
0.862135779291834,0,0,0,0,0,0,0,0,0,0,0,0,0,0,0,0,1,0,2020-12-03,0,0,1,0,0,0,0,0,0,2,Variance change - multiple location
1.0094410253927841,0,0,0,0,0,0,0,0,0,0,0,0,0,0,0,0,1,0,2020-12-04,0,0,1,0,0,0,0,0,0,2,Variance change - multiple location
1.0911440340811598,0,0,0,0,0,0,0,0,0,0,0,0,0,0,0,0,1,0,2020-12-05,0,0,1,0,0,0,0,0,0,2,Variance change - multiple location
1.890524155472835,0,0,0,0,0,0,0,0,0,0,0,0,0,0,0,0,1,0,2020-12-06,0,0,1,0,0,0,0,0,0,2,Variance change - multiple location
1.6677406797913894,0,0,0,0,0,0,0,0,0,0,0,0,0,0,0,0,1,0,2020-12-07,0,0,1,0,0,0,0,0,0,2,Variance change - multiple location
1.662564394854863,0,0,0,0,0,0,0,0,0,0,0,0,0,0,0,0,1,0,2020-12-08,0,0,1,0,0,0,0,0,0,2,Variance change - multiple location
0.4487785463827275,0,0,0,0,0,0,0,0,0,0,0,0,0,0,0,0,1,0,2020-12-09,0,0,1,0,0,0,0,0,0,2,Variance change - multiple location
2.041562474956288,0,0,0,0,0,0,0,0,0,0,0,0,0,0,0,0,1,0,2020-12-10,0,0,1,0,0,0,0,0,0,2,Variance change - multiple location
1.2810040343484492,0,0,0,0,0,0,0,0,0,0,0,0,0,0,0,0,1,0,2020-12-11,0,0,1,0,0,0,0,0,0,2,Variance change - multiple location
0.4839620900493835,0,0,0,0,0,0,0,0,0,0,0,0,0,0,0,0,1,0,2020-12-12,0,0,1,0,0,0,0,0,0,2,Variance change - multiple location
0.07625184506866395,0,0,0,0,0,0,0,0,0,0,0,0,0,0,0,0,1,0,2020-12-13,0,0,1,0,0,0,0,0,0,2,Variance change - multiple location
-0.573787026076862,0,0,0,0,0,0,0,0,0,0,0,0,0,0,0,0,1,0,2020-12-14,0,0,1,0,0,0,0,0,0,2,Variance change - multiple location
-0.6057697363662056,0,0,0,0,0,0,0,0,0,0,0,0,0,0,0,0,1,0,2020-12-15,0,0,1,0,0,0,0,0,0,2,Variance change - multiple location
-1.4739947876407455,0,0,0,0,0,0,0,0,0,0,0,0,0,0,0,0,1,0,2020-12-16,0,0,1,0,0,0,0,0,0,2,Variance change - multiple location
0.8452012207189583,0,0,0,0,0,0,0,0,0,0,0,0,0,0,0,0,1,0,2020-12-17,0,0,1,0,0,0,0,0,0,2,Variance change - multiple location
0.29377375870790723,0,0,0,0,0,0,0,0,0,0,0,0,0,0,0,0,1,0,2020-12-18,0,0,1,0,0,0,0,0,0,2,Variance change - multiple location
1.6452680985371213,0,0,0,0,0,0,0,0,0,0,0,0,0,0,0,0,1,0,2020-12-19,0,0,1,0,0,0,0,0,0,2,Variance change - multiple location
0.17711530192882327,0,0,0,0,0,0,0,0,0,0,0,0,0,0,0,0,1,0,2020-12-20,0,0,1,0,0,0,0,0,0,2,Variance change - multiple location
0.3667346380421758,0,0,0,0,0,0,0,0,0,0,0,0,0,0,0,0,1,0,2020-12-21,0,0,1,0,0,0,0,0,0,2,Variance change - multiple location
-1.2636764121353563,0,0,0,0,0,0,0,0,0,0,0,0,0,0,0,0,1,0,2020-12-22,0,0,1,0,0,0,0,0,0,2,Variance change - multiple location
2.066803300789242,0,0,0,0,0,0,0,0,0,0,0,0,0,0,0,0,1,0,2020-12-23,0,0,1,0,0,0,0,0,0,2,Variance change - multiple location
3.9685981854300234,0,0,0,0,0,0,0,0,0,0,0,0,0,0,0,0,1,0,2020-12-24,0,0,1,0,0,0,0,0,0,2,Variance change - multiple location
2.199447153228393,0,0,0,0,0,0,0,0,0,0,0,0,0,0,0,0,1,0,2020-12-25,0,0,1,0,0,0,0,0,0,2,Variance change - multiple location
1.0727972285675382,0,0,0,0,0,0,0,0,0,0,0,0,0,0,0,0,1,0,2020-12-26,0,0,1,0,0,0,0,0,0,2,Variance change - multiple location
0.5388779194811222,0,0,0,0,0,0,0,0,0,0,0,0,0,0,0,0,1,0,2020-12-27,0,0,1,0,0,0,0,0,0,2,Variance change - multiple location
0.6391777244058782,0,0,0,0,0,0,0,0,0,0,0,0,0,0,0,0,1,0,2020-12-28,0,0,1,0,0,0,0,0,0,2,Variance change - multiple location
0.06685710496228747,0,0,0,0,0,0,0,0,0,0,0,0,0,0,0,0,1,0,2020-12-29,0,0,1,0,0,0,0,0,0,2,Variance change - multiple location
-1.207398834154956,0,0,0,0,0,0,0,0,0,0,0,0,0,0,0,0,1,0,2020-12-30,0,0,1,0,0,0,0,0,0,2,Variance change - multiple location
-1.4739212639974066,0,0,0,0,0,0,0,0,0,0,0,0,0,0,0,0,1,0,2020-12-31,0,0,1,0,0,0,0,0,0,2,Variance change - multiple location
-1.694658537972212,0,0,0,0,0,0,0,0,0,0,0,0,0,0,0,0,1,0,2021-01-01,0,0,1,0,0,0,0,0,0,2,Variance change - multiple location
0.3406897946532451,0,0,0,0,0,0,0,0,0,0,0,0,0,0,0,0,1,0,2021-01-02,0,0,1,0,0,0,0,0,0,2,Variance change - multiple location
-0.2444297619644325,0,0,0,0,0,0,0,0,0,0,0,0,0,0,0,0,1,0,2021-01-03,0,0,1,0,0,0,0,0,0,2,Variance change - multiple location
-0.8710417630103694,0,0,0,0,0,0,0,0,0,0,0,0,0,0,0,0,1,0,2021-01-04,0,0,1,0,0,0,0,0,0,2,Variance change - multiple location
2.255991993452387,0,0,0,0,0,0,0,0,0,0,0,0,0,0,0,0,1,0,2021-01-05,0,0,1,0,0,0,0,0,0,2,Variance change - multiple location
0.2356955592988391,0,0,0,0,0,0,0,0,0,0,0,0,0,0,0,0,1,0,2021-01-06,0,0,1,0,0,0,0,0,0,2,Variance change - multiple location
0.9313920156601241,0,0,0,0,0,0,0,0,0,0,0,0,0,0,0,0,1,0,2021-01-07,0,0,1,0,0,0,0,0,0,2,Variance change - multiple location
-2.4410152290790172,0,0,0,0,0,0,0,0,0,0,0,0,0,0,0,0,1,0,2021-01-08,0,0,1,0,0,0,0,0,0,2,Variance change - multiple location
0.6501886692368587,0,0,0,0,0,0,0,0,0,0,0,0,0,0,0,0,1,0,2021-01-09,0,0,1,0,0,0,0,0,0,2,Variance change - multiple location
0.6792335537705726,0,0,0,0,0,0,0,0,0,0,0,0,0,0,0,0,1,0,2021-01-10,0,0,1,0,0,0,0,0,0,2,Variance change - multiple location
-0.8278523316495853,0,0,0,0,0,0,0,0,0,0,0,0,0,0,0,0,1,0,2021-01-11,0,0,1,0,0,0,0,0,0,2,Variance change - multiple location
-1.0255838294710506,0,0,0,0,0,0,0,0,0,0,0,0,0,0,0,0,1,0,2021-01-12,0,0,1,0,0,0,0,0,0,2,Variance change - multiple location
-1.2040768894670268,0,0,0,0,0,0,0,0,0,0,0,0,0,0,0,0,1,0,2021-01-13,0,0,1,0,0,0,0,0,0,2,Variance change - multiple location
0.401403104676058,0,0,0,0,0,0,0,0,0,0,0,0,0,0,0,0,1,0,2021-01-14,0,0,1,0,0,0,0,0,0,2,Variance change - multiple location
-0.41101743466600266,0,0,0,0,0,0,0,0,0,0,0,0,0,0,0,0,1,0,2021-01-15,0,0,1,0,0,0,0,0,0,2,Variance change - multiple location
1.2365821440430547,0,0,0,0,0,0,0,0,0,0,0,0,0,0,0,0,1,0,2021-01-16,0,0,1,0,0,0,0,0,0,2,Variance change - multiple location
1.9334264985344163,0,0,0,0,0,0,0,0,0,0,0,0,0,0,0,0,1,0,2021-01-17,0,0,1,0,0,0,0,0,0,2,Variance change - multiple location
0.195485172745196,0,0,0,0,0,0,0,0,0,0,0,0,0,0,0,0,1,0,2021-01-18,0,0,1,0,0,0,0,0,0,2,Variance change - multiple location
0.2755145553161404,0,0,0,0,0,0,0,0,0,0,0,0,0,0,0,0,1,0,2021-01-19,0,0,1,0,0,0,0,0,0,2,Variance change - multiple location
-3.345402998740729,0,0,0,0,0,0,0,0,0,0,0,0,0,0,0,0,1,0,2021-01-20,0,0,1,0,0,0,0,0,0,2,Variance change - multiple location
0.31643301799528106,0,0,0,0,0,0,0,0,0,0,0,0,0,0,0,0,1,0,2021-01-21,0,0,1,0,0,0,0,0,0,2,Variance change - multiple location
-1.8316568488495006,0,0,0,0,0,0,0,0,0,0,0,0,0,0,0,0,1,0,2021-01-22,0,0,1,0,0,0,0,0,0,2,Variance change - multiple location
2.607512151122677,0,0,0,0,0,0,0,0,0,0,0,0,0,0,0,0,1,0,2021-01-23,0,0,1,0,0,0,0,0,0,2,Variance change - multiple location
-0.11151787841830478,0,0,0,0,0,0,0,0,0,0,0,0,0,0,0,0,1,0,2021-01-24,0,0,1,0,0,0,0,0,0,2,Variance change - multiple location
1.8050371214880085,0,0,0,0,0,0,0,0,0,0,0,0,0,0,0,0,1,0,2021-01-25,0,0,1,0,0,0,0,0,0,2,Variance change - multiple location
0.18296800764457644,0,0,0,0,0,0,0,0,0,0,0,0,0,0,0,0,1,0,2021-01-26,0,0,1,0,0,0,0,0,0,2,Variance change - multiple location
-0.528129453889155,0,0,0,0,0,0,0,0,0,0,0,0,0,0,0,0,1,0,2021-01-27,0,0,1,0,0,0,0,0,0,2,Variance change - multiple location
-1.1072087906664636,0,0,0,0,0,0,0,0,0,0,0,0,0,0,0,0,1,0,2021-01-28,0,0,1,0,0,0,0,0,0,2,Variance change - multiple location
1.9219761562799804,0,0,0,0,0,0,0,0,0,0,0,0,0,0,0,0,1,0,2021-01-29,0,0,1,0,0,0,0,0,0,2,Variance change - multiple location
1.6701317625534375,0,0,0,0,0,0,0,0,0,0,0,0,0,0,0,0,1,0,2021-01-30,0,0,1,0,0,0,0,0,0,2,Variance change - multiple location
0.7571463683170863,0,0,0,0,0,0,0,0,0,0,0,0,0,0,0,0,1,0,2021-01-31,0,0,1,0,0,0,0,0,0,2,Variance change - multiple location
0.04539293730933373,0,0,0,0,0,0,0,0,0,0,0,0,0,0,0,0,1,0,2021-02-01,0,0,1,0,0,0,0,0,0,2,Variance change - multiple location
-1.606502469972273,0,0,0,0,0,0,0,0,0,0,0,0,0,0,0,0,1,0,2021-02-02,0,0,1,0,0,0,0,0,0,2,Variance change - multiple location
-0.6030006202403531,0,0,0,0,0,0,0,0,0,0,0,0,0,0,0,0,1,0,2021-02-03,0,0,1,0,0,0,0,0,0,2,Variance change - multiple location
-2.4313297623293066,0,0,0,0,0,0,0,0,0,0,0,0,0,0,0,0,1,0,2021-02-04,0,0,1,0,0,0,0,0,0,2,Variance change - multiple location
-1.5718621332960356,0,0,0,0,0,0,0,0,0,0,0,0,0,0,0,0,1,0,2021-02-05,0,0,1,0,0,0,0,0,0,2,Variance change - multiple location
-0.7734181945921508,0,0,0,0,0,0,0,0,0,0,0,0,0,0,0,0,1,0,2021-02-06,0,0,1,0,0,0,0,0,0,2,Variance change - multiple location
1.2279613049375278,0,0,0,0,0,0,0,0,0,0,0,0,0,0,0,0,1,0,2021-02-07,0,0,1,0,0,0,0,0,0,2,Variance change - multiple location
0.38849691560627264,0,0,0,0,0,0,0,0,0,0,0,0,0,0,0,0,1,0,2021-02-08,0,0,1,0,0,0,0,0,0,2,Variance change - multiple location
-1.0576582876647338,0,0,0,0,0,0,0,0,0,0,0,0,0,0,0,0,1,0,2021-02-09,0,0,1,0,0,0,0,0,0,2,Variance change - multiple location
-2.5381022274282667,0,0,0,0,0,0,0,0,0,0,0,0,0,0,0,0,1,0,2021-02-10,0,0,1,0,0,0,0,0,0,2,Variance change - multiple location
0.7430148814705912,0,0,0,0,0,0,0,0,0,0,0,0,0,0,0,0,1,0,2021-02-11,0,0,1,0,0,0,0,0,0,2,Variance change - multiple location
0.6630491598622026,0,0,0,0,0,0,0,0,0,0,0,0,0,0,0,0,1,0,2021-02-12,0,0,1,0,0,0,0,0,0,2,Variance change - multiple location
1.0010928782779889,0,0,0,0,0,0,0,0,0,0,0,0,0,0,0,0,1,0,2021-02-13,0,0,1,0,0,0,0,0,0,2,Variance change - multiple location
-0.60838912747757,0,0,0,0,0,0,0,0,0,0,0,0,0,0,0,0,1,0,2021-02-14,0,0,1,0,0,0,0,0,0,2,Variance change - multiple location
0.5604429826641483,0,0,0,0,0,0,0,0,0,0,0,0,0,0,0,0,1,0,2021-02-15,0,0,1,0,0,0,0,0,0,2,Variance change - multiple location
-0.8473284435639232,0,0,0,0,0,0,0,0,0,0,0,0,0,0,0,0,1,0,2021-02-16,0,0,1,0,0,0,0,0,0,2,Variance change - multiple location
0.6799005421644861,0,0,0,0,0,0,0,0,0,0,0,0,0,0,0,0,1,0,2021-02-17,0,0,1,0,0,0,0,0,0,2,Variance change - multiple location
-1.6670314872951384,0,0,0,0,0,0,0,0,0,0,0,0,0,0,0,0,1,0,2021-02-18,0,0,1,0,0,0,0,0,0,2,Variance change - multiple location
0.2657285867771613,0,0,0,0,0,0,0,0,0,0,0,0,0,0,0,0,1,0,2021-02-19,0,0,1,0,0,0,0,0,0,2,Variance change - multiple location
1.4527950003581498,0,0,0,0,0,0,0,0,0,0,0,0,0,0,0,0,1,0,2021-02-20,0,0,1,0,0,0,0,0,0,2,Variance change - multiple location
-2.1928805804260216,0,0,0,0,0,0,0,0,0,0,0,0,0,0,0,0,1,0,2021-02-21,0,0,1,0,0,0,0,0,0,2,Variance change - multiple location
0.5515469230526637,0,0,0,0,0,0,0,0,0,0,0,0,0,0,0,0,1,0,2021-02-22,0,0,1,0,0,0,0,0,0,2,Variance change - multiple location
-1.757659077236542,0,0,0,0,0,0,0,0,0,0,0,0,0,0,0,0,1,0,2021-02-23,0,0,1,0,0,0,0,0,0,2,Variance change - multiple location
-0.05263972327249463,0,0,0,0,0,0,0,0,0,0,0,0,0,0,0,0,1,0,2021-02-24,0,0,1,0,0,0,0,0,0,2,Variance change - multiple location
-0.3916583847389947,0,0,0,0,0,0,0,0,0,0,0,0,0,0,0,0,1,0,2021-02-25,0,0,1,0,0,0,0,0,0,2,Variance change - multiple location
0.17347646410905893,0,0,0,0,0,0,0,0,0,0,0,0,0,0,0,0,1,0,2021-02-26,0,0,1,0,0,0,0,0,0,2,Variance change - multiple location
2.2553341786119865,0,0,0,0,0,0,0,0,0,0,0,0,0,0,0,0,1,0,2021-02-27,0,0,1,0,0,0,0,0,0,2,Variance change - multiple location
-0.951168045716985,0,0,0,0,0,0,0,0,0,0,0,0,0,0,0,0,1,0,2021-02-28,0,0,1,0,0,0,0,0,0,2,Variance change - multiple location
1.445943882273936,0,0,0,0,0,0,0,0,0,0,0,0,0,0,0,0,1,0,2021-03-01,0,0,1,0,0,0,0,0,0,2,Variance change - multiple location
0.4951312100613775,0,0,0,0,0,0,0,0,0,0,0,0,0,0,0,0,1,0,2021-03-02,0,0,1,0,0,0,0,0,0,2,Variance change - multiple location
-1.1992583410349034,0,0,0,0,0,0,0,0,0,0,0,0,0,0,0,0,1,0,2021-03-03,0,0,1,0,0,0,0,0,0,2,Variance change - multiple location
-0.9206367661628728,0,0,0,0,0,0,0,0,0,0,0,0,0,0,0,0,1,0,2021-03-04,0,0,1,0,0,0,0,0,0,2,Variance change - multiple location
1.5143294941679195,0,0,0,0,0,0,0,0,0,0,0,0,0,0,0,0,1,0,2021-03-05,0,0,1,0,0,0,0,0,0,2,Variance change - multiple location
-0.43900609093592824,0,0,0,0,0,0,0,0,0,0,0,0,0,0,0,0,1,0,2021-03-06,0,0,1,0,0,0,0,0,0,2,Variance change - multiple location
1.2290661364075266,0,0,0,0,0,0,0,0,0,0,0,0,0,0,0,0,1,0,2021-03-07,0,0,1,0,0,0,0,0,0,2,Variance change - multiple location
0.8519390190770982,0,0,0,0,0,0,0,0,0,0,0,0,0,0,0,0,1,0,2021-03-08,0,0,1,0,0,0,0,0,0,2,Variance change - multiple location
1.9627102735524669,0,0,0,0,0,0,0,0,0,0,0,0,0,0,0,0,1,0,2021-03-09,0,0,1,0,0,0,0,0,0,2,Variance change - multiple location
0.3264983472407167,0,0,0,0,0,0,0,0,0,0,0,0,0,0,0,0,1,0,2021-03-10,0,0,1,0,0,0,0,0,0,2,Variance change - multiple location
-0.3826517870605705,0,0,0,0,0,0,0,0,0,0,0,0,0,0,0,0,1,0,2021-03-11,0,0,1,0,0,0,0,0,0,2,Variance change - multiple location
3.04988268138892,0,0,0,0,0,0,0,0,0,0,0,0,0,0,0,0,1,0,2021-03-12,0,0,1,0,0,0,0,0,0,2,Variance change - multiple location
-1.2394319092295423,0,0,0,0,0,0,0,0,0,0,0,0,0,0,0,0,1,0,2021-03-13,0,0,1,0,0,0,0,0,0,2,Variance change - multiple location
0.39728312253193315,0,0,0,0,0,0,0,0,0,0,0,0,0,0,0,0,1,0,2021-03-14,0,0,1,0,0,0,0,0,0,2,Variance change - multiple location
3.940565389414845,0,0,0,0,0,0,0,0,0,0,0,0,0,0,0,0,1,0,2021-03-15,0,0,1,0,0,0,0,0,0,2,Variance change - multiple location
1.9714511860809447,0,0,0,0,0,0,0,0,0,0,0,0,0,0,0,0,1,0,2021-03-16,0,0,1,0,0,0,0,0,0,2,Variance change - multiple location
-0.365341587379332,0,0,0,0,0,0,0,0,0,0,0,0,0,0,0,0,1,0,2021-03-17,0,0,1,0,0,0,0,0,0,2,Variance change - multiple location
-0.44917180628725023,0,0,0,0,0,0,0,0,0,0,0,0,0,0,0,0,1,0,2021-03-18,0,0,1,0,0,0,0,0,0,2,Variance change - multiple location
-0.15730360096611165,0,0,0,0,0,0,0,0,0,0,0,0,0,0,0,0,1,0,2021-03-19,0,0,1,0,0,0,0,0,0,2,Variance change - multiple location
-3.356649678577139,0,0,0,0,0,0,0,0,0,0,0,0,0,0,0,0,1,0,2021-03-20,0,0,1,0,0,0,0,0,0,2,Variance change - multiple location
-1.0651024512812721,0,0,0,0,0,0,0,0,0,0,0,0,0,0,0,0,1,0,2021-03-21,0,0,1,0,0,0,0,0,0,2,Variance change - multiple location
-0.8468623735988976,0,0,0,0,0,0,0,0,0,0,0,0,0,0,0,0,1,0,2021-03-22,0,0,1,0,0,0,0,0,0,2,Variance change - multiple location
-0.2766707992491449,0,0,0,0,0,0,0,0,0,0,0,0,0,0,0,0,1,0,2021-03-23,0,0,1,0,0,0,0,0,0,2,Variance change - multiple location
0.9012640352141031,0,0,0,0,0,0,0,0,0,0,0,0,0,0,0,0,1,0,2021-03-24,0,0,1,0,0,0,0,0,0,2,Variance change - multiple location
-0.8422371168723198,0,0,0,0,0,0,0,0,0,0,0,0,0,0,0,0,1,0,2021-03-25,0,0,1,0,0,0,0,0,0,2,Variance change - multiple location
1.9360713746873195,0,0,0,0,0,0,0,0,0,0,0,0,0,0,0,0,1,0,2021-03-26,0,0,1,0,0,0,0,0,0,2,Variance change - multiple location
-0.044630170376241375,0,0,0,0,0,0,0,0,0,0,0,0,0,0,0,0,1,0,2021-03-27,0,0,1,0,0,0,0,0,0,2,Variance change - multiple location
1.882498260763329,0,0,0,0,0,0,0,0,0,0,0,0,0,0,0,0,1,0,2021-03-28,0,0,1,0,0,0,0,0,0,2,Variance change - multiple location
-1.4364011055739276,0,0,0,0,0,0,0,0,0,0,0,0,0,0,0,0,1,0,2021-03-29,0,0,1,0,0,0,0,0,0,2,Variance change - multiple location
-0.4074901874422225,0,0,0,0,0,0,0,0,0,0,0,0,0,0,0,0,1,0,2021-03-30,0,0,1,0,0,0,0,0,0,2,Variance change - multiple location
-2.306513658434555,0,0,0,0,0,0,0,0,0,0,0,0,0,0,0,0,1,0,2021-03-31,0,0,1,0,0,0,0,0,0,2,Variance change - multiple location
-0.17387377603842694,0,0,0,0,0,0,0,0,0,0,0,0,0,0,0,0,1,0,2021-04-01,0,0,1,0,0,0,0,0,0,2,Variance change - multiple location
-2.891927875229232,0,0,0,0,0,0,0,0,0,0,0,0,0,0,0,0,1,0,2021-04-02,0,0,1,0,0,0,0,0,0,2,Variance change - multiple location
0.3549684525916428,0,0,0,0,0,0,0,0,0,0,0,0,0,0,0,0,1,0,2021-04-03,0,0,1,0,0,0,0,0,0,2,Variance change - multiple location
1.050210634707271,0,0,0,0,0,0,0,0,0,0,0,0,0,0,0,0,1,0,2021-04-04,0,0,1,0,0,0,0,0,0,2,Variance change - multiple location
-1.2925867580661026,0,0,0,0,0,0,0,0,0,0,0,0,0,0,0,0,1,0,2021-04-05,0,0,1,0,0,0,0,0,0,2,Variance change - multiple location
-1.988184918260259,0,0,0,0,0,0,0,0,0,0,0,0,0,0,0,0,1,0,2021-04-06,0,0,1,0,0,0,0,0,0,2,Variance change - multiple location
0.5697679704868688,0,0,0,0,0,0,0,0,0,0,0,0,0,0,0,0,1,0,2021-04-07,0,0,1,0,0,0,0,0,0,2,Variance change - multiple location
1.5488396463569272,0,0,0,0,0,0,0,0,0,0,0,0,0,0,0,0,1,0,2021-04-08,0,0,1,0,0,0,0,0,0,2,Variance change - multiple location
-0.8194968409749847,0,0,0,0,0,0,0,0,0,0,0,0,0,0,0,0,1,0,2021-04-09,0,0,1,0,0,0,0,0,0,2,Variance change - multiple location
0.04828276003690912,0,0,0,0,0,0,0,0,0,0,0,0,0,0,0,0,1,0,2021-04-10,0,0,1,0,0,0,0,0,0,2,Variance change - multiple location
-2.184414803026569,0,0,0,0,0,0,0,0,0,0,0,0,0,0,0,0,1,0,2021-04-11,0,0,1,0,0,0,0,0,0,2,Variance change - multiple location
-1.4853770220558584,0,0,0,0,0,0,0,0,0,0,0,0,0,0,0,0,1,0,2021-04-12,0,0,1,0,0,0,0,0,0,2,Variance change - multiple location
-1.1672427849073073,0,0,0,0,0,0,0,0,0,0,0,0,0,0,0,0,1,0,2021-04-13,0,0,1,0,0,0,0,0,0,2,Variance change - multiple location
1.409318954500696,0,0,0,0,0,0,0,0,0,0,0,0,0,0,0,0,1,0,2021-04-14,0,0,1,0,0,0,0,0,0,2,Variance change - multiple location
-0.21521832599034865,0,0,0,0,0,0,0,0,0,0,0,0,0,0,0,0,1,0,2021-04-15,0,0,1,0,0,0,0,0,0,2,Variance change - multiple location
0.09066452026250645,0,0,0,0,0,0,0,0,0,0,0,0,0,0,0,0,1,0,2021-04-16,0,0,1,0,0,0,0,0,0,2,Variance change - multiple location
-1.1229124590751907,0,0,0,0,0,0,0,0,0,0,0,0,0,0,0,0,1,0,2021-04-17,0,0,1,0,0,0,0,0,0,2,Variance change - multiple location
1.3460291422293504,0,0,0,0,0,0,0,0,0,0,0,0,0,0,0,0,1,0,2021-04-18,0,0,1,0,0,0,0,0,0,2,Variance change - multiple location
-0.5701768458243297,0,0,0,0,0,0,0,0,0,0,0,0,0,0,0,0,1,0,2021-04-19,0,0,1,0,0,0,0,0,0,2,Variance change - multiple location
2.970080535633475,0,0,0,0,0,0,0,0,0,0,0,0,0,0,0,0,1,0,2021-04-20,0,0,1,0,0,0,0,0,0,2,Variance change - multiple location
-0.7525431156956645,0,0,0,0,0,0,0,0,0,0,0,0,0,0,0,0,1,0,2021-04-21,0,0,1,0,0,0,0,0,0,2,Variance change - multiple location
