date,data,stationary,det_lin_up,det_lin_down,det_quad,det_cubic,det_exp,det_damped,stoc_trend,volatility,single_seas,multiple_seas,point_anom_single,point_anom_multi,collect_anom,context_anom,mean_shift,var_shift,trend_shift,point_anom_count,point_anom_location,point_anom_point,collect_anom_count,collect_anom_location,collect_anom_start,collect_anom_end,context_anom_start,context_anom_end,mean_shift_count,mean_shift_location,mean_shift_point,variance_shift_count,variance_shift_location,variance_shift_points,trend_shift_count,trend_shift_location,trend_shift_points,trend_shift_type,is_multi_characteristic,characteristic_1_type,characteristic_2_type,is_point_anomaly_active,is_collective_anomaly_active,is_contextual_anomaly_active,is_mean_shift_active,is_variance_shift_active,is_trend_shift_active,is_linear_trend_active,is_quadratic_trend_active,is_cubic_trend_active,is_exponential_trend_active,is_damped_trend_active,is_single_seasonality_active,is_multiple_seasonality_active,is_seasonal_base_active,is_stochastic_base_active,is_volatility_base_active
2020-01-01,-1.7061192370926002,0,0,0,0,0,0,0,0,0,0,0,0,0,0,0,0,0,1,0,none,,0,none,,,0,0,0,none,,0,none,,1,middle,240,direction_change,0,Trend Shift,none,0,0,0,0,0,1,0,0,0,0,0,0,0,0,0,0
2020-01-02,-1.6832571630403856,0,0,0,0,0,0,0,0,0,0,0,0,0,0,0,0,0,1,0,none,,0,none,,,0,0,0,none,,0,none,,1,middle,240,direction_change,0,Trend Shift,none,0,0,0,0,0,1,0,0,0,0,0,0,0,0,0,0
2020-01-03,-1.6498474137257868,0,0,0,0,0,0,0,0,0,0,0,0,0,0,0,0,0,1,0,none,,0,none,,,0,0,0,none,,0,none,,1,middle,240,direction_change,0,Trend Shift,none,0,0,0,0,0,1,0,0,0,0,0,0,0,0,0,0
2020-01-04,-2.2223676767869827,0,0,0,0,0,0,0,0,0,0,0,0,0,0,0,0,0,1,0,none,,0,none,,,0,0,0,none,,0,none,,1,middle,240,direction_change,0,Trend Shift,none,0,0,0,0,0,1,0,0,0,0,0,0,0,0,0,0
2020-01-05,-1.4850874898188526,0,0,0,0,0,0,0,0,0,0,0,0,0,0,0,0,0,1,0,none,,0,none,,,0,0,0,none,,0,none,,1,middle,240,direction_change,0,Trend Shift,none,0,0,0,0,0,1,0,0,0,0,0,0,0,0,0,0
2020-01-06,-1.8749104790398403,0,0,0,0,0,0,0,0,0,0,0,0,0,0,0,0,0,1,0,none,,0,none,,,0,0,0,none,,0,none,,1,middle,240,direction_change,0,Trend Shift,none,0,0,0,0,0,1,0,0,0,0,0,0,0,0,0,0
2020-01-07,-1.849434404075668,0,0,0,0,0,0,0,0,0,0,0,0,0,0,0,0,0,1,0,none,,0,none,,,0,0,0,none,,0,none,,1,middle,240,direction_change,0,Trend Shift,none,0,0,0,0,0,1,0,0,0,0,0,0,0,0,0,0
2020-01-08,-1.9163523063598618,0,0,0,0,0,0,0,0,0,0,0,0,0,0,0,0,0,1,0,none,,0,none,,,0,0,0,none,,0,none,,1,middle,240,direction_change,0,Trend Shift,none,0,0,0,0,0,1,0,0,0,0,0,0,0,0,0,0
2020-01-09,-1.4776829584801523,0,0,0,0,0,0,0,0,0,0,0,0,0,0,0,0,0,1,0,none,,0,none,,,0,0,0,none,,0,none,,1,middle,240,direction_change,0,Trend Shift,none,0,0,0,0,0,1,0,0,0,0,0,0,0,0,0,0
2020-01-10,-1.7536358633761597,0,0,0,0,0,0,0,0,0,0,0,0,0,0,0,0,0,1,0,none,,0,none,,,0,0,0,none,,0,none,,1,middle,240,direction_change,0,Trend Shift,none,0,0,0,0,0,1,0,0,0,0,0,0,0,0,0,0
2020-01-11,-2.0047693144686325,0,0,0,0,0,0,0,0,0,0,0,0,0,0,0,0,0,1,0,none,,0,none,,,0,0,0,none,,0,none,,1,middle,240,direction_change,0,Trend Shift,none,0,0,0,0,0,1,0,0,0,0,0,0,0,0,0,0
2020-01-12,-1.3755101590882757,0,0,0,0,0,0,0,0,0,0,0,0,0,0,0,0,0,1,0,none,,0,none,,,0,0,0,none,,0,none,,1,middle,240,direction_change,0,Trend Shift,none,0,0,0,0,0,1,0,0,0,0,0,0,0,0,0,0
2020-01-13,-1.6565561049161612,0,0,0,0,0,0,0,0,0,0,0,0,0,0,0,0,0,1,0,none,,0,none,,,0,0,0,none,,0,none,,1,middle,240,direction_change,0,Trend Shift,none,0,0,0,0,0,1,0,0,0,0,0,0,0,0,0,0
2020-01-14,-1.7368830264728385,0,0,0,0,0,0,0,0,0,0,0,0,0,0,0,0,0,1,0,none,,0,none,,,0,0,0,none,,0,none,,1,middle,240,direction_change,0,Trend Shift,none,0,0,0,0,0,1,0,0,0,0,0,0,0,0,0,0
2020-01-15,-1.464227365440911,0,0,0,0,0,0,0,0,0,0,0,0,0,0,0,0,0,1,0,none,,0,none,,,0,0,0,none,,0,none,,1,middle,240,direction_change,0,Trend Shift,none,0,0,0,0,0,1,0,0,0,0,0,0,0,0,0,0
2020-01-16,-1.5032510150132559,0,0,0,0,0,0,0,0,0,0,0,0,0,0,0,0,0,1,0,none,,0,none,,,0,0,0,none,,0,none,,1,middle,240,direction_change,0,Trend Shift,none,0,0,0,0,0,1,0,0,0,0,0,0,0,0,0,0
2020-01-17,-1.5387815622838188,0,0,0,0,0,0,0,0,0,0,0,0,0,0,0,0,0,1,0,none,,0,none,,,0,0,0,none,,0,none,,1,middle,240,direction_change,0,Trend Shift,none,0,0,0,0,0,1,0,0,0,0,0,0,0,0,0,0
2020-01-18,-1.3079195650624247,0,0,0,0,0,0,0,0,0,0,0,0,0,0,0,0,0,1,0,none,,0,none,,,0,0,0,none,,0,none,,1,middle,240,direction_change,0,Trend Shift,none,0,0,0,0,0,1,0,0,0,0,0,0,0,0,0,0
2020-01-19,-1.4943222834466536,0,0,0,0,0,0,0,0,0,0,0,0,0,0,0,0,0,1,0,none,,0,none,,,0,0,0,none,,0,none,,1,middle,240,direction_change,0,Trend Shift,none,0,0,0,0,0,1,0,0,0,0,0,0,0,0,0,0
2020-01-20,-1.1699559983024084,0,0,0,0,0,0,0,0,0,0,0,0,0,0,0,0,0,1,0,none,,0,none,,,0,0,0,none,,0,none,,1,middle,240,direction_change,0,Trend Shift,none,0,0,0,0,0,1,0,0,0,0,0,0,0,0,0,0
2020-01-21,-1.4160344277784727,0,0,0,0,0,0,0,0,0,0,0,0,0,0,0,0,0,1,0,none,,0,none,,,0,0,0,none,,0,none,,1,middle,240,direction_change,0,Trend Shift,none,0,0,0,0,0,1,0,0,0,0,0,0,0,0,0,0
2020-01-22,-1.5957442285074603,0,0,0,0,0,0,0,0,0,0,0,0,0,0,0,0,0,1,0,none,,0,none,,,0,0,0,none,,0,none,,1,middle,240,direction_change,0,Trend Shift,none,0,0,0,0,0,1,0,0,0,0,0,0,0,0,0,0
2020-01-23,-1.6192458836559014,0,0,0,0,0,0,0,0,0,0,0,0,0,0,0,0,0,1,0,none,,0,none,,,0,0,0,none,,0,none,,1,middle,240,direction_change,0,Trend Shift,none,0,0,0,0,0,1,0,0,0,0,0,0,0,0,0,0
2020-01-24,-1.3158791560682235,0,0,0,0,0,0,0,0,0,0,0,0,0,0,0,0,0,1,0,none,,0,none,,,0,0,0,none,,0,none,,1,middle,240,direction_change,0,Trend Shift,none,0,0,0,0,0,1,0,0,0,0,0,0,0,0,0,0
2020-01-25,-1.3328514389489148,0,0,0,0,0,0,0,0,0,0,0,0,0,0,0,0,0,1,0,none,,0,none,,,0,0,0,none,,0,none,,1,middle,240,direction_change,0,Trend Shift,none,0,0,0,0,0,1,0,0,0,0,0,0,0,0,0,0
2020-01-26,-1.2413390191582268,0,0,0,0,0,0,0,0,0,0,0,0,0,0,0,0,0,1,0,none,,0,none,,,0,0,0,none,,0,none,,1,middle,240,direction_change,0,Trend Shift,none,0,0,0,0,0,1,0,0,0,0,0,0,0,0,0,0
2020-01-27,-1.0531784100410708,0,0,0,0,0,0,0,0,0,0,0,0,0,0,0,0,0,1,0,none,,0,none,,,0,0,0,none,,0,none,,1,middle,240,direction_change,0,Trend Shift,none,0,0,0,0,0,1,0,0,0,0,0,0,0,0,0,0
2020-01-28,-1.4429065050084704,0,0,0,0,0,0,0,0,0,0,0,0,0,0,0,0,0,1,0,none,,0,none,,,0,0,0,none,,0,none,,1,middle,240,direction_change,0,Trend Shift,none,0,0,0,0,0,1,0,0,0,0,0,0,0,0,0,0
2020-01-29,-1.493271356463712,0,0,0,0,0,0,0,0,0,0,0,0,0,0,0,0,0,1,0,none,,0,none,,,0,0,0,none,,0,none,,1,middle,240,direction_change,0,Trend Shift,none,0,0,0,0,0,1,0,0,0,0,0,0,0,0,0,0
2020-01-30,-1.7557862484383007,0,0,0,0,0,0,0,0,0,0,0,0,0,0,0,0,0,1,0,none,,0,none,,,0,0,0,none,,0,none,,1,middle,240,direction_change,0,Trend Shift,none,0,0,0,0,0,1,0,0,0,0,0,0,0,0,0,0
2020-01-31,-1.3902772441148346,0,0,0,0,0,0,0,0,0,0,0,0,0,0,0,0,0,1,0,none,,0,none,,,0,0,0,none,,0,none,,1,middle,240,direction_change,0,Trend Shift,none,0,0,0,0,0,1,0,0,0,0,0,0,0,0,0,0
2020-02-01,-0.8682868834583742,0,0,0,0,0,0,0,0,0,0,0,0,0,0,0,0,0,1,0,none,,0,none,,,0,0,0,none,,0,none,,1,middle,240,direction_change,0,Trend Shift,none,0,0,0,0,0,1,0,0,0,0,0,0,0,0,0,0
2020-02-02,-1.4199063364175823,0,0,0,0,0,0,0,0,0,0,0,0,0,0,0,0,0,1,0,none,,0,none,,,0,0,0,none,,0,none,,1,middle,240,direction_change,0,Trend Shift,none,0,0,0,0,0,1,0,0,0,0,0,0,0,0,0,0
2020-02-03,-1.6416229077807925,0,0,0,0,0,0,0,0,0,0,0,0,0,0,0,0,0,1,0,none,,0,none,,,0,0,0,none,,0,none,,1,middle,240,direction_change,0,Trend Shift,none,0,0,0,0,0,1,0,0,0,0,0,0,0,0,0,0
2020-02-04,-1.475204450801002,0,0,0,0,0,0,0,0,0,0,0,0,0,0,0,0,0,1,0,none,,0,none,,,0,0,0,none,,0,none,,1,middle,240,direction_change,0,Trend Shift,none,0,0,0,0,0,1,0,0,0,0,0,0,0,0,0,0
2020-02-05,-1.2742671565980086,0,0,0,0,0,0,0,0,0,0,0,0,0,0,0,0,0,1,0,none,,0,none,,,0,0,0,none,,0,none,,1,middle,240,direction_change,0,Trend Shift,none,0,0,0,0,0,1,0,0,0,0,0,0,0,0,0,0
2020-02-06,-1.2796172800049295,0,0,0,0,0,0,0,0,0,0,0,0,0,0,0,0,0,1,0,none,,0,none,,,0,0,0,none,,0,none,,1,middle,240,direction_change,0,Trend Shift,none,0,0,0,0,0,1,0,0,0,0,0,0,0,0,0,0
2020-02-07,-1.30267449161222,0,0,0,0,0,0,0,0,0,0,0,0,0,0,0,0,0,1,0,none,,0,none,,,0,0,0,none,,0,none,,1,middle,240,direction_change,0,Trend Shift,none,0,0,0,0,0,1,0,0,0,0,0,0,0,0,0,0
2020-02-08,-1.125340697243243,0,0,0,0,0,0,0,0,0,0,0,0,0,0,0,0,0,1,0,none,,0,none,,,0,0,0,none,,0,none,,1,middle,240,direction_change,0,Trend Shift,none,0,0,0,0,0,1,0,0,0,0,0,0,0,0,0,0
2020-02-09,-1.0811878891204492,0,0,0,0,0,0,0,0,0,0,0,0,0,0,0,0,0,1,0,none,,0,none,,,0,0,0,none,,0,none,,1,middle,240,direction_change,0,Trend Shift,none,0,0,0,0,0,1,0,0,0,0,0,0,0,0,0,0
2020-02-10,-1.2372887106478934,0,0,0,0,0,0,0,0,0,0,0,0,0,0,0,0,0,1,0,none,,0,none,,,0,0,0,none,,0,none,,1,middle,240,direction_change,0,Trend Shift,none,0,0,0,0,0,1,0,0,0,0,0,0,0,0,0,0
2020-02-11,-1.5424388096305808,0,0,0,0,0,0,0,0,0,0,0,0,0,0,0,0,0,1,0,none,,0,none,,,0,0,0,none,,0,none,,1,middle,240,direction_change,0,Trend Shift,none,0,0,0,0,0,1,0,0,0,0,0,0,0,0,0,0
2020-02-12,-1.0718171591347092,0,0,0,0,0,0,0,0,0,0,0,0,0,0,0,0,0,1,0,none,,0,none,,,0,0,0,none,,0,none,,1,middle,240,direction_change,0,Trend Shift,none,0,0,0,0,0,1,0,0,0,0,0,0,0,0,0,0
2020-02-13,-1.1734490168517275,0,0,0,0,0,0,0,0,0,0,0,0,0,0,0,0,0,1,0,none,,0,none,,,0,0,0,none,,0,none,,1,middle,240,direction_change,0,Trend Shift,none,0,0,0,0,0,1,0,0,0,0,0,0,0,0,0,0
2020-02-14,-1.1846351217569122,0,0,0,0,0,0,0,0,0,0,0,0,0,0,0,0,0,1,0,none,,0,none,,,0,0,0,none,,0,none,,1,middle,240,direction_change,0,Trend Shift,none,0,0,0,0,0,1,0,0,0,0,0,0,0,0,0,0
2020-02-15,-1.5070564031879428,0,0,0,0,0,0,0,0,0,0,0,0,0,0,0,0,0,1,0,none,,0,none,,,0,0,0,none,,0,none,,1,middle,240,direction_change,0,Trend Shift,none,0,0,0,0,0,1,0,0,0,0,0,0,0,0,0,0
2020-02-16,-1.3419375965701714,0,0,0,0,0,0,0,0,0,0,0,0,0,0,0,0,0,1,0,none,,0,none,,,0,0,0,none,,0,none,,1,middle,240,direction_change,0,Trend Shift,none,0,0,0,0,0,1,0,0,0,0,0,0,0,0,0,0
2020-02-17,-0.9434419283008035,0,0,0,0,0,0,0,0,0,0,0,0,0,0,0,0,0,1,0,none,,0,none,,,0,0,0,none,,0,none,,1,middle,240,direction_change,0,Trend Shift,none,0,0,0,0,0,1,0,0,0,0,0,0,0,0,0,0
2020-02-18,-1.5259875300661614,0,0,0,0,0,0,0,0,0,0,0,0,0,0,0,0,0,1,0,none,,0,none,,,0,0,0,none,,0,none,,1,middle,240,direction_change,0,Trend Shift,none,0,0,0,0,0,1,0,0,0,0,0,0,0,0,0,0
2020-02-19,-0.9391655166145759,0,0,0,0,0,0,0,0,0,0,0,0,0,0,0,0,0,1,0,none,,0,none,,,0,0,0,none,,0,none,,1,middle,240,direction_change,0,Trend Shift,none,0,0,0,0,0,1,0,0,0,0,0,0,0,0,0,0
2020-02-20,-1.028578885486887,0,0,0,0,0,0,0,0,0,0,0,0,0,0,0,0,0,1,0,none,,0,none,,,0,0,0,none,,0,none,,1,middle,240,direction_change,0,Trend Shift,none,0,0,0,0,0,1,0,0,0,0,0,0,0,0,0,0
2020-02-21,-0.8641204810638112,0,0,0,0,0,0,0,0,0,0,0,0,0,0,0,0,0,1,0,none,,0,none,,,0,0,0,none,,0,none,,1,middle,240,direction_change,0,Trend Shift,none,0,0,0,0,0,1,0,0,0,0,0,0,0,0,0,0
2020-02-22,-1.2977010776994604,0,0,0,0,0,0,0,0,0,0,0,0,0,0,0,0,0,1,0,none,,0,none,,,0,0,0,none,,0,none,,1,middle,240,direction_change,0,Trend Shift,none,0,0,0,0,0,1,0,0,0,0,0,0,0,0,0,0
2020-02-23,-1.093497385758834,0,0,0,0,0,0,0,0,0,0,0,0,0,0,0,0,0,1,0,none,,0,none,,,0,0,0,none,,0,none,,1,middle,240,direction_change,0,Trend Shift,none,0,0,0,0,0,1,0,0,0,0,0,0,0,0,0,0
2020-02-24,-0.7849690274482773,0,0,0,0,0,0,0,0,0,0,0,0,0,0,0,0,0,1,0,none,,0,none,,,0,0,0,none,,0,none,,1,middle,240,direction_change,0,Trend Shift,none,0,0,0,0,0,1,0,0,0,0,0,0,0,0,0,0
2020-02-25,-0.8488506909061075,0,0,0,0,0,0,0,0,0,0,0,0,0,0,0,0,0,1,0,none,,0,none,,,0,0,0,none,,0,none,,1,middle,240,direction_change,0,Trend Shift,none,0,0,0,0,0,1,0,0,0,0,0,0,0,0,0,0
2020-02-26,-0.801538885931201,0,0,0,0,0,0,0,0,0,0,0,0,0,0,0,0,0,1,0,none,,0,none,,,0,0,0,none,,0,none,,1,middle,240,direction_change,0,Trend Shift,none,0,0,0,0,0,1,0,0,0,0,0,0,0,0,0,0
2020-02-27,-1.0212468987732883,0,0,0,0,0,0,0,0,0,0,0,0,0,0,0,0,0,1,0,none,,0,none,,,0,0,0,none,,0,none,,1,middle,240,direction_change,0,Trend Shift,none,0,0,0,0,0,1,0,0,0,0,0,0,0,0,0,0
2020-02-28,-0.8649089710730442,0,0,0,0,0,0,0,0,0,0,0,0,0,0,0,0,0,1,0,none,,0,none,,,0,0,0,none,,0,none,,1,middle,240,direction_change,0,Trend Shift,none,0,0,0,0,0,1,0,0,0,0,0,0,0,0,0,0
2020-02-29,-0.8145403687721241,0,0,0,0,0,0,0,0,0,0,0,0,0,0,0,0,0,1,0,none,,0,none,,,0,0,0,none,,0,none,,1,middle,240,direction_change,0,Trend Shift,none,0,0,0,0,0,1,0,0,0,0,0,0,0,0,0,0
2020-03-01,-0.8303811727106147,0,0,0,0,0,0,0,0,0,0,0,0,0,0,0,0,0,1,0,none,,0,none,,,0,0,0,none,,0,none,,1,middle,240,direction_change,0,Trend Shift,none,0,0,0,0,0,1,0,0,0,0,0,0,0,0,0,0
2020-03-02,-1.2769445110884081,0,0,0,0,0,0,0,0,0,0,0,0,0,0,0,0,0,1,0,none,,0,none,,,0,0,0,none,,0,none,,1,middle,240,direction_change,0,Trend Shift,none,0,0,0,0,0,1,0,0,0,0,0,0,0,0,0,0
2020-03-03,-0.531087690200917,0,0,0,0,0,0,0,0,0,0,0,0,0,0,0,0,0,1,0,none,,0,none,,,0,0,0,none,,0,none,,1,middle,240,direction_change,0,Trend Shift,none,0,0,0,0,0,1,0,0,0,0,0,0,0,0,0,0
2020-03-04,-1.049532854905659,0,0,0,0,0,0,0,0,0,0,0,0,0,0,0,0,0,1,0,none,,0,none,,,0,0,0,none,,0,none,,1,middle,240,direction_change,0,Trend Shift,none,0,0,0,0,0,1,0,0,0,0,0,0,0,0,0,0
2020-03-05,-0.7148393116474028,0,0,0,0,0,0,0,0,0,0,0,0,0,0,0,0,0,1,0,none,,0,none,,,0,0,0,none,,0,none,,1,middle,240,direction_change,0,Trend Shift,none,0,0,0,0,0,1,0,0,0,0,0,0,0,0,0,0
2020-03-06,-0.8945851843239875,0,0,0,0,0,0,0,0,0,0,0,0,0,0,0,0,0,1,0,none,,0,none,,,0,0,0,none,,0,none,,1,middle,240,direction_change,0,Trend Shift,none,0,0,0,0,0,1,0,0,0,0,0,0,0,0,0,0
2020-03-07,-0.4018346185025026,0,0,0,0,0,0,0,0,0,0,0,0,0,0,0,0,0,1,0,none,,0,none,,,0,0,0,none,,0,none,,1,middle,240,direction_change,0,Trend Shift,none,0,0,0,0,0,1,0,0,0,0,0,0,0,0,0,0
2020-03-08,-0.7362062533377666,0,0,0,0,0,0,0,0,0,0,0,0,0,0,0,0,0,1,0,none,,0,none,,,0,0,0,none,,0,none,,1,middle,240,direction_change,0,Trend Shift,none,0,0,0,0,0,1,0,0,0,0,0,0,0,0,0,0
2020-03-09,-0.7292165104390411,0,0,0,0,0,0,0,0,0,0,0,0,0,0,0,0,0,1,0,none,,0,none,,,0,0,0,none,,0,none,,1,middle,240,direction_change,0,Trend Shift,none,0,0,0,0,0,1,0,0,0,0,0,0,0,0,0,0
2020-03-10,-0.4803940686457155,0,0,0,0,0,0,0,0,0,0,0,0,0,0,0,0,0,1,0,none,,0,none,,,0,0,0,none,,0,none,,1,middle,240,direction_change,0,Trend Shift,none,0,0,0,0,0,1,0,0,0,0,0,0,0,0,0,0
2020-03-11,-0.8361813199554329,0,0,0,0,0,0,0,0,0,0,0,0,0,0,0,0,0,1,0,none,,0,none,,,0,0,0,none,,0,none,,1,middle,240,direction_change,0,Trend Shift,none,0,0,0,0,0,1,0,0,0,0,0,0,0,0,0,0
2020-03-12,-0.73646860254827,0,0,0,0,0,0,0,0,0,0,0,0,0,0,0,0,0,1,0,none,,0,none,,,0,0,0,none,,0,none,,1,middle,240,direction_change,0,Trend Shift,none,0,0,0,0,0,1,0,0,0,0,0,0,0,0,0,0
2020-03-13,-1.0026280134701968,0,0,0,0,0,0,0,0,0,0,0,0,0,0,0,0,0,1,0,none,,0,none,,,0,0,0,none,,0,none,,1,middle,240,direction_change,0,Trend Shift,none,0,0,0,0,0,1,0,0,0,0,0,0,0,0,0,0
2020-03-14,-0.9593964992466242,0,0,0,0,0,0,0,0,0,0,0,0,0,0,0,0,0,1,0,none,,0,none,,,0,0,0,none,,0,none,,1,middle,240,direction_change,0,Trend Shift,none,0,0,0,0,0,1,0,0,0,0,0,0,0,0,0,0
2020-03-15,-0.618060298070111,0,0,0,0,0,0,0,0,0,0,0,0,0,0,0,0,0,1,0,none,,0,none,,,0,0,0,none,,0,none,,1,middle,240,direction_change,0,Trend Shift,none,0,0,0,0,0,1,0,0,0,0,0,0,0,0,0,0
2020-03-16,-0.8981468181055291,0,0,0,0,0,0,0,0,0,0,0,0,0,0,0,0,0,1,0,none,,0,none,,,0,0,0,none,,0,none,,1,middle,240,direction_change,0,Trend Shift,none,0,0,0,0,0,1,0,0,0,0,0,0,0,0,0,0
2020-03-17,-0.5663142164805915,0,0,0,0,0,0,0,0,0,0,0,0,0,0,0,0,0,1,0,none,,0,none,,,0,0,0,none,,0,none,,1,middle,240,direction_change,0,Trend Shift,none,0,0,0,0,0,1,0,0,0,0,0,0,0,0,0,0
2020-03-18,-0.9516791843869721,0,0,0,0,0,0,0,0,0,0,0,0,0,0,0,0,0,1,0,none,,0,none,,,0,0,0,none,,0,none,,1,middle,240,direction_change,0,Trend Shift,none,0,0,0,0,0,1,0,0,0,0,0,0,0,0,0,0
2020-03-19,-0.2393596875371165,0,0,0,0,0,0,0,0,0,0,0,0,0,0,0,0,0,1,0,none,,0,none,,,0,0,0,none,,0,none,,1,middle,240,direction_change,0,Trend Shift,none,0,0,0,0,0,1,0,0,0,0,0,0,0,0,0,0
2020-03-20,-0.49384360015737333,0,0,0,0,0,0,0,0,0,0,0,0,0,0,0,0,0,1,0,none,,0,none,,,0,0,0,none,,0,none,,1,middle,240,direction_change,0,Trend Shift,none,0,0,0,0,0,1,0,0,0,0,0,0,0,0,0,0
2020-03-21,-0.30514051372584605,0,0,0,0,0,0,0,0,0,0,0,0,0,0,0,0,0,1,0,none,,0,none,,,0,0,0,none,,0,none,,1,middle,240,direction_change,0,Trend Shift,none,0,0,0,0,0,1,0,0,0,0,0,0,0,0,0,0
2020-03-22,-0.7152059587395236,0,0,0,0,0,0,0,0,0,0,0,0,0,0,0,0,0,1,0,none,,0,none,,,0,0,0,none,,0,none,,1,middle,240,direction_change,0,Trend Shift,none,0,0,0,0,0,1,0,0,0,0,0,0,0,0,0,0
2020-03-23,-0.7288564293037239,0,0,0,0,0,0,0,0,0,0,0,0,0,0,0,0,0,1,0,none,,0,none,,,0,0,0,none,,0,none,,1,middle,240,direction_change,0,Trend Shift,none,0,0,0,0,0,1,0,0,0,0,0,0,0,0,0,0
2020-03-24,-0.517392490034276,0,0,0,0,0,0,0,0,0,0,0,0,0,0,0,0,0,1,0,none,,0,none,,,0,0,0,none,,0,none,,1,middle,240,direction_change,0,Trend Shift,none,0,0,0,0,0,1,0,0,0,0,0,0,0,0,0,0
2020-03-25,-0.29014634403075235,0,0,0,0,0,0,0,0,0,0,0,0,0,0,0,0,0,1,0,none,,0,none,,,0,0,0,none,,0,none,,1,middle,240,direction_change,0,Trend Shift,none,0,0,0,0,0,1,0,0,0,0,0,0,0,0,0,0
2020-03-26,-0.6174371529083135,0,0,0,0,0,0,0,0,0,0,0,0,0,0,0,0,0,1,0,none,,0,none,,,0,0,0,none,,0,none,,1,middle,240,direction_change,0,Trend Shift,none,0,0,0,0,0,1,0,0,0,0,0,0,0,0,0,0
2020-03-27,-0.5904453914083225,0,0,0,0,0,0,0,0,0,0,0,0,0,0,0,0,0,1,0,none,,0,none,,,0,0,0,none,,0,none,,1,middle,240,direction_change,0,Trend Shift,none,0,0,0,0,0,1,0,0,0,0,0,0,0,0,0,0
2020-03-28,-0.6833154575328902,0,0,0,0,0,0,0,0,0,0,0,0,0,0,0,0,0,1,0,none,,0,none,,,0,0,0,none,,0,none,,1,middle,240,direction_change,0,Trend Shift,none,0,0,0,0,0,1,0,0,0,0,0,0,0,0,0,0
2020-03-29,-0.6637371720876847,0,0,0,0,0,0,0,0,0,0,0,0,0,0,0,0,0,1,0,none,,0,none,,,0,0,0,none,,0,none,,1,middle,240,direction_change,0,Trend Shift,none,0,0,0,0,0,1,0,0,0,0,0,0,0,0,0,0
2020-03-30,-0.8555036769085348,0,0,0,0,0,0,0,0,0,0,0,0,0,0,0,0,0,1,0,none,,0,none,,,0,0,0,none,,0,none,,1,middle,240,direction_change,0,Trend Shift,none,0,0,0,0,0,1,0,0,0,0,0,0,0,0,0,0
2020-03-31,-0.4503107928605427,0,0,0,0,0,0,0,0,0,0,0,0,0,0,0,0,0,1,0,none,,0,none,,,0,0,0,none,,0,none,,1,middle,240,direction_change,0,Trend Shift,none,0,0,0,0,0,1,0,0,0,0,0,0,0,0,0,0
2020-04-01,-0.606420975996157,0,0,0,0,0,0,0,0,0,0,0,0,0,0,0,0,0,1,0,none,,0,none,,,0,0,0,none,,0,none,,1,middle,240,direction_change,0,Trend Shift,none,0,0,0,0,0,1,0,0,0,0,0,0,0,0,0,0
2020-04-02,-0.2527581820975017,0,0,0,0,0,0,0,0,0,0,0,0,0,0,0,0,0,1,0,none,,0,none,,,0,0,0,none,,0,none,,1,middle,240,direction_change,0,Trend Shift,none,0,0,0,0,0,1,0,0,0,0,0,0,0,0,0,0
2020-04-03,-0.392604362872244,0,0,0,0,0,0,0,0,0,0,0,0,0,0,0,0,0,1,0,none,,0,none,,,0,0,0,none,,0,none,,1,middle,240,direction_change,0,Trend Shift,none,0,0,0,0,0,1,0,0,0,0,0,0,0,0,0,0
2020-04-04,-0.6744005960450563,0,0,0,0,0,0,0,0,0,0,0,0,0,0,0,0,0,1,0,none,,0,none,,,0,0,0,none,,0,none,,1,middle,240,direction_change,0,Trend Shift,none,0,0,0,0,0,1,0,0,0,0,0,0,0,0,0,0
2020-04-05,-0.5149134509000537,0,0,0,0,0,0,0,0,0,0,0,0,0,0,0,0,0,1,0,none,,0,none,,,0,0,0,none,,0,none,,1,middle,240,direction_change,0,Trend Shift,none,0,0,0,0,0,1,0,0,0,0,0,0,0,0,0,0
2020-04-06,-0.47895519482747867,0,0,0,0,0,0,0,0,0,0,0,0,0,0,0,0,0,1,0,none,,0,none,,,0,0,0,none,,0,none,,1,middle,240,direction_change,0,Trend Shift,none,0,0,0,0,0,1,0,0,0,0,0,0,0,0,0,0
2020-04-07,-0.3638510932921324,0,0,0,0,0,0,0,0,0,0,0,0,0,0,0,0,0,1,0,none,,0,none,,,0,0,0,none,,0,none,,1,middle,240,direction_change,0,Trend Shift,none,0,0,0,0,0,1,0,0,0,0,0,0,0,0,0,0
2020-04-08,-0.8020868387748948,0,0,0,0,0,0,0,0,0,0,0,0,0,0,0,0,0,1,0,none,,0,none,,,0,0,0,none,,0,none,,1,middle,240,direction_change,0,Trend Shift,none,0,0,0,0,0,1,0,0,0,0,0,0,0,0,0,0
2020-04-09,0.029921799950111422,0,0,0,0,0,0,0,0,0,0,0,0,0,0,0,0,0,1,0,none,,0,none,,,0,0,0,none,,0,none,,1,middle,240,direction_change,0,Trend Shift,none,0,0,0,0,0,1,0,0,0,0,0,0,0,0,0,0
2020-04-10,-0.4490646629674519,0,0,0,0,0,0,0,0,0,0,0,0,0,0,0,0,0,1,0,none,,0,none,,,0,0,0,none,,0,none,,1,middle,240,direction_change,0,Trend Shift,none,0,0,0,0,0,1,0,0,0,0,0,0,0,0,0,0
2020-04-11,0.12908512660663002,0,0,0,0,0,0,0,0,0,0,0,0,0,0,0,0,0,1,0,none,,0,none,,,0,0,0,none,,0,none,,1,middle,240,direction_change,0,Trend Shift,none,0,0,0,0,0,1,0,0,0,0,0,0,0,0,0,0
2020-04-12,-0.5395534631585669,0,0,0,0,0,0,0,0,0,0,0,0,0,0,0,0,0,1,0,none,,0,none,,,0,0,0,none,,0,none,,1,middle,240,direction_change,0,Trend Shift,none,0,0,0,0,0,1,0,0,0,0,0,0,0,0,0,0
2020-04-13,-0.3399678147636939,0,0,0,0,0,0,0,0,0,0,0,0,0,0,0,0,0,1,0,none,,0,none,,,0,0,0,none,,0,none,,1,middle,240,direction_change,0,Trend Shift,none,0,0,0,0,0,1,0,0,0,0,0,0,0,0,0,0
2020-04-14,0.33849648881390504,0,0,0,0,0,0,0,0,0,0,0,0,0,0,0,0,0,1,0,none,,0,none,,,0,0,0,none,,0,none,,1,middle,240,direction_change,0,Trend Shift,none,0,0,0,0,0,1,0,0,0,0,0,0,0,0,0,0
2020-04-15,-0.3631488062878574,0,0,0,0,0,0,0,0,0,0,0,0,0,0,0,0,0,1,0,none,,0,none,,,0,0,0,none,,0,none,,1,middle,240,direction_change,0,Trend Shift,none,0,0,0,0,0,1,0,0,0,0,0,0,0,0,0,0
2020-04-16,-0.6265329250232474,0,0,0,0,0,0,0,0,0,0,0,0,0,0,0,0,0,1,0,none,,0,none,,,0,0,0,none,,0,none,,1,middle,240,direction_change,0,Trend Shift,none,0,0,0,0,0,1,0,0,0,0,0,0,0,0,0,0
2020-04-17,-0.008002230422168338,0,0,0,0,0,0,0,0,0,0,0,0,0,0,0,0,0,1,0,none,,0,none,,,0,0,0,none,,0,none,,1,middle,240,direction_change,0,Trend Shift,none,0,0,0,0,0,1,0,0,0,0,0,0,0,0,0,0
2020-04-18,0.18193430868401872,0,0,0,0,0,0,0,0,0,0,0,0,0,0,0,0,0,1,0,none,,0,none,,,0,0,0,none,,0,none,,1,middle,240,direction_change,0,Trend Shift,none,0,0,0,0,0,1,0,0,0,0,0,0,0,0,0,0
2020-04-19,-0.4088931690068424,0,0,0,0,0,0,0,0,0,0,0,0,0,0,0,0,0,1,0,none,,0,none,,,0,0,0,none,,0,none,,1,middle,240,direction_change,0,Trend Shift,none,0,0,0,0,0,1,0,0,0,0,0,0,0,0,0,0
2020-04-20,-0.16067717101321757,0,0,0,0,0,0,0,0,0,0,0,0,0,0,0,0,0,1,0,none,,0,none,,,0,0,0,none,,0,none,,1,middle,240,direction_change,0,Trend Shift,none,0,0,0,0,0,1,0,0,0,0,0,0,0,0,0,0
2020-04-21,0.05922541214137035,0,0,0,0,0,0,0,0,0,0,0,0,0,0,0,0,0,1,0,none,,0,none,,,0,0,0,none,,0,none,,1,middle,240,direction_change,0,Trend Shift,none,0,0,0,0,0,1,0,0,0,0,0,0,0,0,0,0
2020-04-22,0.09746134705826603,0,0,0,0,0,0,0,0,0,0,0,0,0,0,0,0,0,1,0,none,,0,none,,,0,0,0,none,,0,none,,1,middle,240,direction_change,0,Trend Shift,none,0,0,0,0,0,1,0,0,0,0,0,0,0,0,0,0
2020-04-23,-0.3452476350052681,0,0,0,0,0,0,0,0,0,0,0,0,0,0,0,0,0,1,0,none,,0,none,,,0,0,0,none,,0,none,,1,middle,240,direction_change,0,Trend Shift,none,0,0,0,0,0,1,0,0,0,0,0,0,0,0,0,0
2020-04-24,-0.41050765812559126,0,0,0,0,0,0,0,0,0,0,0,0,0,0,0,0,0,1,0,none,,0,none,,,0,0,0,none,,0,none,,1,middle,240,direction_change,0,Trend Shift,none,0,0,0,0,0,1,0,0,0,0,0,0,0,0,0,0
2020-04-25,-0.09374074171553662,0,0,0,0,0,0,0,0,0,0,0,0,0,0,0,0,0,1,0,none,,0,none,,,0,0,0,none,,0,none,,1,middle,240,direction_change,0,Trend Shift,none,0,0,0,0,0,1,0,0,0,0,0,0,0,0,0,0
2020-04-26,-0.15415115362354104,0,0,0,0,0,0,0,0,0,0,0,0,0,0,0,0,0,1,0,none,,0,none,,,0,0,0,none,,0,none,,1,middle,240,direction_change,0,Trend Shift,none,0,0,0,0,0,1,0,0,0,0,0,0,0,0,0,0
2020-04-27,-0.07750784929814988,0,0,0,0,0,0,0,0,0,0,0,0,0,0,0,0,0,1,0,none,,0,none,,,0,0,0,none,,0,none,,1,middle,240,direction_change,0,Trend Shift,none,0,0,0,0,0,1,0,0,0,0,0,0,0,0,0,0
2020-04-28,-0.014135416231586984,0,0,0,0,0,0,0,0,0,0,0,0,0,0,0,0,0,1,0,none,,0,none,,,0,0,0,none,,0,none,,1,middle,240,direction_change,0,Trend Shift,none,0,0,0,0,0,1,0,0,0,0,0,0,0,0,0,0
2020-04-29,0.1612265568028692,0,0,0,0,0,0,0,0,0,0,0,0,0,0,0,0,0,1,0,none,,0,none,,,0,0,0,none,,0,none,,1,middle,240,direction_change,0,Trend Shift,none,0,0,0,0,0,1,0,0,0,0,0,0,0,0,0,0
2020-04-30,-0.5893711747771568,0,0,0,0,0,0,0,0,0,0,0,0,0,0,0,0,0,1,0,none,,0,none,,,0,0,0,none,,0,none,,1,middle,240,direction_change,0,Trend Shift,none,0,0,0,0,0,1,0,0,0,0,0,0,0,0,0,0
2020-05-01,0.10868401242003212,0,0,0,0,0,0,0,0,0,0,0,0,0,0,0,0,0,1,0,none,,0,none,,,0,0,0,none,,0,none,,1,middle,240,direction_change,0,Trend Shift,none,0,0,0,0,0,1,0,0,0,0,0,0,0,0,0,0
2020-05-02,0.02108903138801252,0,0,0,0,0,0,0,0,0,0,0,0,0,0,0,0,0,1,0,none,,0,none,,,0,0,0,none,,0,none,,1,middle,240,direction_change,0,Trend Shift,none,0,0,0,0,0,1,0,0,0,0,0,0,0,0,0,0
2020-05-03,-0.2506552799964815,0,0,0,0,0,0,0,0,0,0,0,0,0,0,0,0,0,1,0,none,,0,none,,,0,0,0,none,,0,none,,1,middle,240,direction_change,0,Trend Shift,none,0,0,0,0,0,1,0,0,0,0,0,0,0,0,0,0
2020-05-04,-0.22871945242084943,0,0,0,0,0,0,0,0,0,0,0,0,0,0,0,0,0,1,0,none,,0,none,,,0,0,0,none,,0,none,,1,middle,240,direction_change,0,Trend Shift,none,0,0,0,0,0,1,0,0,0,0,0,0,0,0,0,0
2020-05-05,0.19762558659347632,0,0,0,0,0,0,0,0,0,0,0,0,0,0,0,0,0,1,0,none,,0,none,,,0,0,0,none,,0,none,,1,middle,240,direction_change,0,Trend Shift,none,0,0,0,0,0,1,0,0,0,0,0,0,0,0,0,0
2020-05-06,0.014687563422431606,0,0,0,0,0,0,0,0,0,0,0,0,0,0,0,0,0,1,0,none,,0,none,,,0,0,0,none,,0,none,,1,middle,240,direction_change,0,Trend Shift,none,0,0,0,0,0,1,0,0,0,0,0,0,0,0,0,0
2020-05-07,0.27733129487532815,0,0,0,0,0,0,0,0,0,0,0,0,0,0,0,0,0,1,0,none,,0,none,,,0,0,0,none,,0,none,,1,middle,240,direction_change,0,Trend Shift,none,0,0,0,0,0,1,0,0,0,0,0,0,0,0,0,0
2020-05-08,0.1365112015144964,0,0,0,0,0,0,0,0,0,0,0,0,0,0,0,0,0,1,0,none,,0,none,,,0,0,0,none,,0,none,,1,middle,240,direction_change,0,Trend Shift,none,0,0,0,0,0,1,0,0,0,0,0,0,0,0,0,0
2020-05-09,-0.08911678480737711,0,0,0,0,0,0,0,0,0,0,0,0,0,0,0,0,0,1,0,none,,0,none,,,0,0,0,none,,0,none,,1,middle,240,direction_change,0,Trend Shift,none,0,0,0,0,0,1,0,0,0,0,0,0,0,0,0,0
2020-05-10,-0.1225136785675113,0,0,0,0,0,0,0,0,0,0,0,0,0,0,0,0,0,1,0,none,,0,none,,,0,0,0,none,,0,none,,1,middle,240,direction_change,0,Trend Shift,none,0,0,0,0,0,1,0,0,0,0,0,0,0,0,0,0
2020-05-11,0.06140984720440671,0,0,0,0,0,0,0,0,0,0,0,0,0,0,0,0,0,1,0,none,,0,none,,,0,0,0,none,,0,none,,1,middle,240,direction_change,0,Trend Shift,none,0,0,0,0,0,1,0,0,0,0,0,0,0,0,0,0
2020-05-12,0.07039903159203607,0,0,0,0,0,0,0,0,0,0,0,0,0,0,0,0,0,1,0,none,,0,none,,,0,0,0,none,,0,none,,1,middle,240,direction_change,0,Trend Shift,none,0,0,0,0,0,1,0,0,0,0,0,0,0,0,0,0
2020-05-13,0.04947797572339414,0,0,0,0,0,0,0,0,0,0,0,0,0,0,0,0,0,1,0,none,,0,none,,,0,0,0,none,,0,none,,1,middle,240,direction_change,0,Trend Shift,none,0,0,0,0,0,1,0,0,0,0,0,0,0,0,0,0
2020-05-14,0.29894521064948326,0,0,0,0,0,0,0,0,0,0,0,0,0,0,0,0,0,1,0,none,,0,none,,,0,0,0,none,,0,none,,1,middle,240,direction_change,0,Trend Shift,none,0,0,0,0,0,1,0,0,0,0,0,0,0,0,0,0
2020-05-15,0.15819407507435773,0,0,0,0,0,0,0,0,0,0,0,0,0,0,0,0,0,1,0,none,,0,none,,,0,0,0,none,,0,none,,1,middle,240,direction_change,0,Trend Shift,none,0,0,0,0,0,1,0,0,0,0,0,0,0,0,0,0
2020-05-16,0.06629965493373449,0,0,0,0,0,0,0,0,0,0,0,0,0,0,0,0,0,1,0,none,,0,none,,,0,0,0,none,,0,none,,1,middle,240,direction_change,0,Trend Shift,none,0,0,0,0,0,1,0,0,0,0,0,0,0,0,0,0
2020-05-17,0.4109698936089782,0,0,0,0,0,0,0,0,0,0,0,0,0,0,0,0,0,1,0,none,,0,none,,,0,0,0,none,,0,none,,1,middle,240,direction_change,0,Trend Shift,none,0,0,0,0,0,1,0,0,0,0,0,0,0,0,0,0
2020-05-18,0.21136501086029022,0,0,0,0,0,0,0,0,0,0,0,0,0,0,0,0,0,1,0,none,,0,none,,,0,0,0,none,,0,none,,1,middle,240,direction_change,0,Trend Shift,none,0,0,0,0,0,1,0,0,0,0,0,0,0,0,0,0
2020-05-19,0.24273291913450287,0,0,0,0,0,0,0,0,0,0,0,0,0,0,0,0,0,1,0,none,,0,none,,,0,0,0,none,,0,none,,1,middle,240,direction_change,0,Trend Shift,none,0,0,0,0,0,1,0,0,0,0,0,0,0,0,0,0
2020-05-20,0.3222181246842742,0,0,0,0,0,0,0,0,0,0,0,0,0,0,0,0,0,1,0,none,,0,none,,,0,0,0,none,,0,none,,1,middle,240,direction_change,0,Trend Shift,none,0,0,0,0,0,1,0,0,0,0,0,0,0,0,0,0
2020-05-21,0.10965436046771962,0,0,0,0,0,0,0,0,0,0,0,0,0,0,0,0,0,1,0,none,,0,none,,,0,0,0,none,,0,none,,1,middle,240,direction_change,0,Trend Shift,none,0,0,0,0,0,1,0,0,0,0,0,0,0,0,0,0
2020-05-22,0.1743211272615619,0,0,0,0,0,0,0,0,0,0,0,0,0,0,0,0,0,1,0,none,,0,none,,,0,0,0,none,,0,none,,1,middle,240,direction_change,0,Trend Shift,none,0,0,0,0,0,1,0,0,0,0,0,0,0,0,0,0
2020-05-23,0.5205920954832512,0,0,0,0,0,0,0,0,0,0,0,0,0,0,0,0,0,1,0,none,,0,none,,,0,0,0,none,,0,none,,1,middle,240,direction_change,0,Trend Shift,none,0,0,0,0,0,1,0,0,0,0,0,0,0,0,0,0
2020-05-24,0.48360775322796157,0,0,0,0,0,0,0,0,0,0,0,0,0,0,0,0,0,1,0,none,,0,none,,,0,0,0,none,,0,none,,1,middle,240,direction_change,0,Trend Shift,none,0,0,0,0,0,1,0,0,0,0,0,0,0,0,0,0
2020-05-25,0.17059528540169264,0,0,0,0,0,0,0,0,0,0,0,0,0,0,0,0,0,1,0,none,,0,none,,,0,0,0,none,,0,none,,1,middle,240,direction_change,0,Trend Shift,none,0,0,0,0,0,1,0,0,0,0,0,0,0,0,0,0
2020-05-26,0.5583654799586956,0,0,0,0,0,0,0,0,0,0,0,0,0,0,0,0,0,1,0,none,,0,none,,,0,0,0,none,,0,none,,1,middle,240,direction_change,0,Trend Shift,none,0,0,0,0,0,1,0,0,0,0,0,0,0,0,0,0
2020-05-27,0.3144899872141806,0,0,0,0,0,0,0,0,0,0,0,0,0,0,0,0,0,1,0,none,,0,none,,,0,0,0,none,,0,none,,1,middle,240,direction_change,0,Trend Shift,none,0,0,0,0,0,1,0,0,0,0,0,0,0,0,0,0
2020-05-28,0.21451290903337852,0,0,0,0,0,0,0,0,0,0,0,0,0,0,0,0,0,1,0,none,,0,none,,,0,0,0,none,,0,none,,1,middle,240,direction_change,0,Trend Shift,none,0,0,0,0,0,1,0,0,0,0,0,0,0,0,0,0
2020-05-29,0.42556984331502085,0,0,0,0,0,0,0,0,0,0,0,0,0,0,0,0,0,1,0,none,,0,none,,,0,0,0,none,,0,none,,1,middle,240,direction_change,0,Trend Shift,none,0,0,0,0,0,1,0,0,0,0,0,0,0,0,0,0
2020-05-30,0.04401419297754688,0,0,0,0,0,0,0,0,0,0,0,0,0,0,0,0,0,1,0,none,,0,none,,,0,0,0,none,,0,none,,1,middle,240,direction_change,0,Trend Shift,none,0,0,0,0,0,1,0,0,0,0,0,0,0,0,0,0
2020-05-31,0.5635471521186995,0,0,0,0,0,0,0,0,0,0,0,0,0,0,0,0,0,1,0,none,,0,none,,,0,0,0,none,,0,none,,1,middle,240,direction_change,0,Trend Shift,none,0,0,0,0,0,1,0,0,0,0,0,0,0,0,0,0
2020-06-01,0.5324680152385587,0,0,0,0,0,0,0,0,0,0,0,0,0,0,0,0,0,1,0,none,,0,none,,,0,0,0,none,,0,none,,1,middle,240,direction_change,0,Trend Shift,none,0,0,0,0,0,1,0,0,0,0,0,0,0,0,0,0
2020-06-02,0.2568292963774586,0,0,0,0,0,0,0,0,0,0,0,0,0,0,0,0,0,1,0,none,,0,none,,,0,0,0,none,,0,none,,1,middle,240,direction_change,0,Trend Shift,none,0,0,0,0,0,1,0,0,0,0,0,0,0,0,0,0
2020-06-03,0.7808597213159321,0,0,0,0,0,0,0,0,0,0,0,0,0,0,0,0,0,1,0,none,,0,none,,,0,0,0,none,,0,none,,1,middle,240,direction_change,0,Trend Shift,none,0,0,0,0,0,1,0,0,0,0,0,0,0,0,0,0
2020-06-04,0.6026201651102558,0,0,0,0,0,0,0,0,0,0,0,0,0,0,0,0,0,1,0,none,,0,none,,,0,0,0,none,,0,none,,1,middle,240,direction_change,0,Trend Shift,none,0,0,0,0,0,1,0,0,0,0,0,0,0,0,0,0
2020-06-05,0.23539621775885736,0,0,0,0,0,0,0,0,0,0,0,0,0,0,0,0,0,1,0,none,,0,none,,,0,0,0,none,,0,none,,1,middle,240,direction_change,0,Trend Shift,none,0,0,0,0,0,1,0,0,0,0,0,0,0,0,0,0
2020-06-06,0.7116644599803004,0,0,0,0,0,0,0,0,0,0,0,0,0,0,0,0,0,1,0,none,,0,none,,,0,0,0,none,,0,none,,1,middle,240,direction_change,0,Trend Shift,none,0,0,0,0,0,1,0,0,0,0,0,0,0,0,0,0
2020-06-07,0.2983170040636811,0,0,0,0,0,0,0,0,0,0,0,0,0,0,0,0,0,1,0,none,,0,none,,,0,0,0,none,,0,none,,1,middle,240,direction_change,0,Trend Shift,none,0,0,0,0,0,1,0,0,0,0,0,0,0,0,0,0
2020-06-08,0.22683406497042433,0,0,0,0,0,0,0,0,0,0,0,0,0,0,0,0,0,1,0,none,,0,none,,,0,0,0,none,,0,none,,1,middle,240,direction_change,0,Trend Shift,none,0,0,0,0,0,1,0,0,0,0,0,0,0,0,0,0
2020-06-09,0.6025061489814562,0,0,0,0,0,0,0,0,0,0,0,0,0,0,0,0,0,1,0,none,,0,none,,,0,0,0,none,,0,none,,1,middle,240,direction_change,0,Trend Shift,none,0,0,0,0,0,1,0,0,0,0,0,0,0,0,0,0
2020-06-10,0.5229096747828951,0,0,0,0,0,0,0,0,0,0,0,0,0,0,0,0,0,1,0,none,,0,none,,,0,0,0,none,,0,none,,1,middle,240,direction_change,0,Trend Shift,none,0,0,0,0,0,1,0,0,0,0,0,0,0,0,0,0
2020-06-11,0.4897343101086626,0,0,0,0,0,0,0,0,0,0,0,0,0,0,0,0,0,1,0,none,,0,none,,,0,0,0,none,,0,none,,1,middle,240,direction_change,0,Trend Shift,none,0,0,0,0,0,1,0,0,0,0,0,0,0,0,0,0
2020-06-12,0.6701768708165412,0,0,0,0,0,0,0,0,0,0,0,0,0,0,0,0,0,1,0,none,,0,none,,,0,0,0,none,,0,none,,1,middle,240,direction_change,0,Trend Shift,none,0,0,0,0,0,1,0,0,0,0,0,0,0,0,0,0
2020-06-13,0.5241887876244944,0,0,0,0,0,0,0,0,0,0,0,0,0,0,0,0,0,1,0,none,,0,none,,,0,0,0,none,,0,none,,1,middle,240,direction_change,0,Trend Shift,none,0,0,0,0,0,1,0,0,0,0,0,0,0,0,0,0
2020-06-14,0.6419840187926863,0,0,0,0,0,0,0,0,0,0,0,0,0,0,0,0,0,1,0,none,,0,none,,,0,0,0,none,,0,none,,1,middle,240,direction_change,0,Trend Shift,none,0,0,0,0,0,1,0,0,0,0,0,0,0,0,0,0
2020-06-15,0.8160920349547421,0,0,0,0,0,0,0,0,0,0,0,0,0,0,0,0,0,1,0,none,,0,none,,,0,0,0,none,,0,none,,1,middle,240,direction_change,0,Trend Shift,none,0,0,0,0,0,1,0,0,0,0,0,0,0,0,0,0
2020-06-16,0.6251237674787555,0,0,0,0,0,0,0,0,0,0,0,0,0,0,0,0,0,1,0,none,,0,none,,,0,0,0,none,,0,none,,1,middle,240,direction_change,0,Trend Shift,none,0,0,0,0,0,1,0,0,0,0,0,0,0,0,0,0
2020-06-17,0.9425690359610331,0,0,0,0,0,0,0,0,0,0,0,0,0,0,0,0,0,1,0,none,,0,none,,,0,0,0,none,,0,none,,1,middle,240,direction_change,0,Trend Shift,none,0,0,0,0,0,1,0,0,0,0,0,0,0,0,0,0
2020-06-18,0.4791392587114813,0,0,0,0,0,0,0,0,0,0,0,0,0,0,0,0,0,1,0,none,,0,none,,,0,0,0,none,,0,none,,1,middle,240,direction_change,0,Trend Shift,none,0,0,0,0,0,1,0,0,0,0,0,0,0,0,0,0
2020-06-19,0.7990260419093583,0,0,0,0,0,0,0,0,0,0,0,0,0,0,0,0,0,1,0,none,,0,none,,,0,0,0,none,,0,none,,1,middle,240,direction_change,0,Trend Shift,none,0,0,0,0,0,1,0,0,0,0,0,0,0,0,0,0
2020-06-20,0.9031548617113055,0,0,0,0,0,0,0,0,0,0,0,0,0,0,0,0,0,1,0,none,,0,none,,,0,0,0,none,,0,none,,1,middle,240,direction_change,0,Trend Shift,none,0,0,0,0,0,1,0,0,0,0,0,0,0,0,0,0
2020-06-21,0.6809575165308684,0,0,0,0,0,0,0,0,0,0,0,0,0,0,0,0,0,1,0,none,,0,none,,,0,0,0,none,,0,none,,1,middle,240,direction_change,0,Trend Shift,none,0,0,0,0,0,1,0,0,0,0,0,0,0,0,0,0
2020-06-22,0.9140530469875113,0,0,0,0,0,0,0,0,0,0,0,0,0,0,0,0,0,1,0,none,,0,none,,,0,0,0,none,,0,none,,1,middle,240,direction_change,0,Trend Shift,none,0,0,0,0,0,1,0,0,0,0,0,0,0,0,0,0
2020-06-23,0.6257409291297352,0,0,0,0,0,0,0,0,0,0,0,0,0,0,0,0,0,1,0,none,,0,none,,,0,0,0,none,,0,none,,1,middle,240,direction_change,0,Trend Shift,none,0,0,0,0,0,1,0,0,0,0,0,0,0,0,0,0
2020-06-24,0.6440583846530908,0,0,0,0,0,0,0,0,0,0,0,0,0,0,0,0,0,1,0,none,,0,none,,,0,0,0,none,,0,none,,1,middle,240,direction_change,0,Trend Shift,none,0,0,0,0,0,1,0,0,0,0,0,0,0,0,0,0
2020-06-25,0.7012110574124766,0,0,0,0,0,0,0,0,0,0,0,0,0,0,0,0,0,1,0,none,,0,none,,,0,0,0,none,,0,none,,1,middle,240,direction_change,0,Trend Shift,none,0,0,0,0,0,1,0,0,0,0,0,0,0,0,0,0
2020-06-26,0.7838330786908274,0,0,0,0,0,0,0,0,0,0,0,0,0,0,0,0,0,1,0,none,,0,none,,,0,0,0,none,,0,none,,1,middle,240,direction_change,0,Trend Shift,none,0,0,0,0,0,1,0,0,0,0,0,0,0,0,0,0
2020-06-27,1.1751808417598373,0,0,0,0,0,0,0,0,0,0,0,0,0,0,0,0,0,1,0,none,,0,none,,,0,0,0,none,,0,none,,1,middle,240,direction_change,0,Trend Shift,none,0,0,0,0,0,1,0,0,0,0,0,0,0,0,0,0
2020-06-28,0.46417096851598477,0,0,0,0,0,0,0,0,0,0,0,0,0,0,0,0,0,1,0,none,,0,none,,,0,0,0,none,,0,none,,1,middle,240,direction_change,0,Trend Shift,none,0,0,0,0,0,1,0,0,0,0,0,0,0,0,0,0
2020-06-29,0.7219484902653864,0,0,0,0,0,0,0,0,0,0,0,0,0,0,0,0,0,1,0,none,,0,none,,,0,0,0,none,,0,none,,1,middle,240,direction_change,0,Trend Shift,none,0,0,0,0,0,1,0,0,0,0,0,0,0,0,0,0
2020-06-30,0.951465509980345,0,0,0,0,0,0,0,0,0,0,0,0,0,0,0,0,0,1,0,none,,0,none,,,0,0,0,none,,0,none,,1,middle,240,direction_change,0,Trend Shift,none,0,0,0,0,0,1,0,0,0,0,0,0,0,0,0,0
2020-07-01,1.099669056316695,0,0,0,0,0,0,0,0,0,0,0,0,0,0,0,0,0,1,0,none,,0,none,,,0,0,0,none,,0,none,,1,middle,240,direction_change,0,Trend Shift,none,0,0,0,0,0,1,0,0,0,0,0,0,0,0,0,0
2020-07-02,0.8607764930984105,0,0,0,0,0,0,0,0,0,0,0,0,0,0,0,0,0,1,0,none,,0,none,,,0,0,0,none,,0,none,,1,middle,240,direction_change,0,Trend Shift,none,0,0,0,0,0,1,0,0,0,0,0,0,0,0,0,0
2020-07-03,1.2905339923961003,0,0,0,0,0,0,0,0,0,0,0,0,0,0,0,0,0,1,0,none,,0,none,,,0,0,0,none,,0,none,,1,middle,240,direction_change,0,Trend Shift,none,0,0,0,0,0,1,0,0,0,0,0,0,0,0,0,0
2020-07-04,1.402266238800803,0,0,0,0,0,0,0,0,0,0,0,0,0,0,0,0,0,1,0,none,,0,none,,,0,0,0,none,,0,none,,1,middle,240,direction_change,0,Trend Shift,none,0,0,0,0,0,1,0,0,0,0,0,0,0,0,0,0
2020-07-05,0.9431856242477096,0,0,0,0,0,0,0,0,0,0,0,0,0,0,0,0,0,1,0,none,,0,none,,,0,0,0,none,,0,none,,1,middle,240,direction_change,0,Trend Shift,none,0,0,0,0,0,1,0,0,0,0,0,0,0,0,0,0
2020-07-06,1.1046428552401506,0,0,0,0,0,0,0,0,0,0,0,0,0,0,0,0,0,1,0,none,,0,none,,,0,0,0,none,,0,none,,1,middle,240,direction_change,0,Trend Shift,none,0,0,0,0,0,1,0,0,0,0,0,0,0,0,0,0
2020-07-07,1.2892106966998667,0,0,0,0,0,0,0,0,0,0,0,0,0,0,0,0,0,1,0,none,,0,none,,,0,0,0,none,,0,none,,1,middle,240,direction_change,0,Trend Shift,none,0,0,0,0,0,1,0,0,0,0,0,0,0,0,0,0
2020-07-08,1.1077934858211396,0,0,0,0,0,0,0,0,0,0,0,0,0,0,0,0,0,1,0,none,,0,none,,,0,0,0,none,,0,none,,1,middle,240,direction_change,0,Trend Shift,none,0,0,0,0,0,1,0,0,0,0,0,0,0,0,0,0
2020-07-09,1.2194502923660733,0,0,0,0,0,0,0,0,0,0,0,0,0,0,0,0,0,1,0,none,,0,none,,,0,0,0,none,,0,none,,1,middle,240,direction_change,0,Trend Shift,none,0,0,0,0,0,1,0,0,0,0,0,0,0,0,0,0
2020-07-10,0.94866159588463,0,0,0,0,0,0,0,0,0,0,0,0,0,0,0,0,0,1,0,none,,0,none,,,0,0,0,none,,0,none,,1,middle,240,direction_change,0,Trend Shift,none,0,0,0,0,0,1,0,0,0,0,0,0,0,0,0,0
2020-07-11,1.2711302373908424,0,0,0,0,0,0,0,0,0,0,0,0,0,0,0,0,0,1,0,none,,0,none,,,0,0,0,none,,0,none,,1,middle,240,direction_change,0,Trend Shift,none,0,0,0,0,0,1,0,0,0,0,0,0,0,0,0,0
2020-07-12,0.8985072614839607,0,0,0,0,0,0,0,0,0,0,0,0,0,0,0,0,0,1,0,none,,0,none,,,0,0,0,none,,0,none,,1,middle,240,direction_change,0,Trend Shift,none,0,0,0,0,0,1,0,0,0,0,0,0,0,0,0,0
2020-07-13,1.1884718240299676,0,0,0,0,0,0,0,0,0,0,0,0,0,0,0,0,0,1,0,none,,0,none,,,0,0,0,none,,0,none,,1,middle,240,direction_change,0,Trend Shift,none,0,0,0,0,0,1,0,0,0,0,0,0,0,0,0,0
2020-07-14,0.7195018170375231,0,0,0,0,0,0,0,0,0,0,0,0,0,0,0,0,0,1,0,none,,0,none,,,0,0,0,none,,0,none,,1,middle,240,direction_change,0,Trend Shift,none,0,0,0,0,0,1,0,0,0,0,0,0,0,0,0,0
2020-07-15,1.05979280032725,0,0,0,0,0,0,0,0,0,0,0,0,0,0,0,0,0,1,0,none,,0,none,,,0,0,0,none,,0,none,,1,middle,240,direction_change,0,Trend Shift,none,0,0,0,0,0,1,0,0,0,0,0,0,0,0,0,0
2020-07-16,1.0137131907698942,0,0,0,0,0,0,0,0,0,0,0,0,0,0,0,0,0,1,0,none,,0,none,,,0,0,0,none,,0,none,,1,middle,240,direction_change,0,Trend Shift,none,0,0,0,0,0,1,0,0,0,0,0,0,0,0,0,0
2020-07-17,1.0709772818822283,0,0,0,0,0,0,0,0,0,0,0,0,0,0,0,0,0,1,0,none,,0,none,,,0,0,0,none,,0,none,,1,middle,240,direction_change,0,Trend Shift,none,0,0,0,0,0,1,0,0,0,0,0,0,0,0,0,0
2020-07-18,1.4511142725612576,0,0,0,0,0,0,0,0,0,0,0,0,0,0,0,0,0,1,0,none,,0,none,,,0,0,0,none,,0,none,,1,middle,240,direction_change,0,Trend Shift,none,0,0,0,0,0,1,0,0,0,0,0,0,0,0,0,0
2020-07-19,1.1181839306240777,0,0,0,0,0,0,0,0,0,0,0,0,0,0,0,0,0,1,0,none,,0,none,,,0,0,0,none,,0,none,,1,middle,240,direction_change,0,Trend Shift,none,0,0,0,0,0,1,0,0,0,0,0,0,0,0,0,0
2020-07-20,0.809555509411467,0,0,0,0,0,0,0,0,0,0,0,0,0,0,0,0,0,1,0,none,,0,none,,,0,0,0,none,,0,none,,1,middle,240,direction_change,0,Trend Shift,none,0,0,0,0,0,1,0,0,0,0,0,0,0,0,0,0
2020-07-21,1.5144412480097067,0,0,0,0,0,0,0,0,0,0,0,0,0,0,0,0,0,1,0,none,,0,none,,,0,0,0,none,,0,none,,1,middle,240,direction_change,0,Trend Shift,none,0,0,0,0,0,1,0,0,0,0,0,0,0,0,0,0
2020-07-22,1.1325657486441543,0,0,0,0,0,0,0,0,0,0,0,0,0,0,0,0,0,1,0,none,,0,none,,,0,0,0,none,,0,none,,1,middle,240,direction_change,0,Trend Shift,none,0,0,0,0,0,1,0,0,0,0,0,0,0,0,0,0
2020-07-23,0.8908973686616743,0,0,0,0,0,0,0,0,0,0,0,0,0,0,0,0,0,1,0,none,,0,none,,,0,0,0,none,,0,none,,1,middle,240,direction_change,0,Trend Shift,none,0,0,0,0,0,1,0,0,0,0,0,0,0,0,0,0
2020-07-24,1.459654079356397,0,0,0,0,0,0,0,0,0,0,0,0,0,0,0,0,0,1,0,none,,0,none,,,0,0,0,none,,0,none,,1,middle,240,direction_change,0,Trend Shift,none,0,0,0,0,0,1,0,0,0,0,0,0,0,0,0,0
2020-07-25,1.075986274308566,0,0,0,0,0,0,0,0,0,0,0,0,0,0,0,0,0,1,0,none,,0,none,,,0,0,0,none,,0,none,,1,middle,240,direction_change,0,Trend Shift,none,0,0,0,0,0,1,0,0,0,0,0,0,0,0,0,0
2020-07-26,1.7388667630346835,0,0,0,0,0,0,0,0,0,0,0,0,0,0,0,0,0,1,0,none,,0,none,,,0,0,0,none,,0,none,,1,middle,240,direction_change,0,Trend Shift,none,0,0,0,0,0,1,0,0,0,0,0,0,0,0,0,0
2020-07-27,1.071518467093821,0,0,0,0,0,0,0,0,0,0,0,0,0,0,0,0,0,1,0,none,,0,none,,,0,0,0,none,,0,none,,1,middle,240,direction_change,0,Trend Shift,none,0,0,0,0,0,1,0,0,0,0,0,0,0,0,0,0
2020-07-28,1.1799638484806747,0,0,0,0,0,0,0,0,0,0,0,0,0,0,0,0,0,1,0,none,,0,none,,,0,0,0,none,,0,none,,1,middle,240,direction_change,0,Trend Shift,none,0,0,0,0,0,1,0,0,0,0,0,0,0,0,0,0
2020-07-29,1.4505282500664145,0,0,0,0,0,0,0,0,0,0,0,0,0,0,0,0,0,1,0,none,,0,none,,,0,0,0,none,,0,none,,1,middle,240,direction_change,0,Trend Shift,none,0,0,0,0,0,1,0,0,0,0,0,0,0,0,0,0
2020-07-30,1.1874681965957066,0,0,0,0,0,0,0,0,0,0,0,0,0,0,0,0,0,1,0,none,,0,none,,,0,0,0,none,,0,none,,1,middle,240,direction_change,0,Trend Shift,none,0,0,0,0,0,1,0,0,0,0,0,0,0,0,0,0
2020-07-31,1.4458586084551084,0,0,0,0,0,0,0,0,0,0,0,0,0,0,0,0,0,1,0,none,,0,none,,,0,0,0,none,,0,none,,1,middle,240,direction_change,0,Trend Shift,none,0,0,0,0,0,1,0,0,0,0,0,0,0,0,0,0
2020-08-01,1.017593980168804,0,0,0,0,0,0,0,0,0,0,0,0,0,0,0,0,0,1,0,none,,0,none,,,0,0,0,none,,0,none,,1,middle,240,direction_change,0,Trend Shift,none,0,0,0,0,0,1,0,0,0,0,0,0,0,0,0,0
2020-08-02,1.2133612812561025,0,0,0,0,0,0,0,0,0,0,0,0,0,0,0,0,0,1,0,none,,0,none,,,0,0,0,none,,0,none,,1,middle,240,direction_change,0,Trend Shift,none,0,0,0,0,0,1,0,0,0,0,0,0,0,0,0,0
2020-08-03,1.256082475962885,0,0,0,0,0,0,0,0,0,0,0,0,0,0,0,0,0,1,0,none,,0,none,,,0,0,0,none,,0,none,,1,middle,240,direction_change,0,Trend Shift,none,0,0,0,0,0,1,0,0,0,0,0,0,0,0,0,0
2020-08-04,1.2025766219485545,0,0,0,0,0,0,0,0,0,0,0,0,0,0,0,0,0,1,0,none,,0,none,,,0,0,0,none,,0,none,,1,middle,240,direction_change,0,Trend Shift,none,0,0,0,0,0,1,0,0,0,0,0,0,0,0,0,0
2020-08-05,1.5458361530916576,0,0,0,0,0,0,0,0,0,0,0,0,0,0,0,0,0,1,0,none,,0,none,,,0,0,0,none,,0,none,,1,middle,240,direction_change,0,Trend Shift,none,0,0,0,0,0,1,0,0,0,0,0,0,0,0,0,0
2020-08-06,1.4219105832156924,0,0,0,0,0,0,0,0,0,0,0,0,0,0,0,0,0,1,0,none,,0,none,,,0,0,0,none,,0,none,,1,middle,240,direction_change,0,Trend Shift,none,0,0,0,0,0,1,0,0,0,0,0,0,0,0,0,0
2020-08-07,1.2882138490203265,0,0,0,0,0,0,0,0,0,0,0,0,0,0,0,0,0,1,0,none,,0,none,,,0,0,0,none,,0,none,,1,middle,240,direction_change,0,Trend Shift,none,0,0,0,0,0,1,0,0,0,0,0,0,0,0,0,0
2020-08-08,1.1468934402846258,0,0,0,0,0,0,0,0,0,0,0,0,0,0,0,0,0,1,0,none,,0,none,,,0,0,0,none,,0,none,,1,middle,240,direction_change,0,Trend Shift,none,0,0,0,0,0,1,0,0,0,0,0,0,0,0,0,0
2020-08-09,1.1399101639664249,0,0,0,0,0,0,0,0,0,0,0,0,0,0,0,0,0,1,0,none,,0,none,,,0,0,0,none,,0,none,,1,middle,240,direction_change,0,Trend Shift,none,0,0,0,0,0,1,0,0,0,0,0,0,0,0,0,0
2020-08-10,1.3251688106402604,0,0,0,0,0,0,0,0,0,0,0,0,0,0,0,0,0,1,0,none,,0,none,,,0,0,0,none,,0,none,,1,middle,240,direction_change,0,Trend Shift,none,0,0,0,0,0,1,0,0,0,0,0,0,0,0,0,0
2020-08-11,1.075447896512765,0,0,0,0,0,0,0,0,0,0,0,0,0,0,0,0,0,1,0,none,,0,none,,,0,0,0,none,,0,none,,1,middle,240,direction_change,0,Trend Shift,none,0,0,0,0,0,1,0,0,0,0,0,0,0,0,0,0
2020-08-12,1.0231498915608384,0,0,0,0,0,0,0,0,0,0,0,0,0,0,0,0,0,1,0,none,,0,none,,,0,0,0,none,,0,none,,1,middle,240,direction_change,0,Trend Shift,none,0,0,0,0,0,1,0,0,0,0,0,0,0,0,0,0
2020-08-13,1.5244584426507897,0,0,0,0,0,0,0,0,0,0,0,0,0,0,0,0,0,1,0,none,,0,none,,,0,0,0,none,,0,none,,1,middle,240,direction_change,0,Trend Shift,none,0,0,0,0,0,1,0,0,0,0,0,0,0,0,0,0
2020-08-14,1.7714288873593094,0,0,0,0,0,0,0,0,0,0,0,0,0,0,0,0,0,1,0,none,,0,none,,,0,0,0,none,,0,none,,1,middle,240,direction_change,0,Trend Shift,none,0,0,0,0,0,1,0,0,0,0,0,0,0,0,0,0
2020-08-15,1.6864173755667904,0,0,0,0,0,0,0,0,0,0,0,0,0,0,0,0,0,1,0,none,,0,none,,,0,0,0,none,,0,none,,1,middle,240,direction_change,0,Trend Shift,none,0,0,0,0,0,1,0,0,0,0,0,0,0,0,0,0
2020-08-16,1.380210984718799,0,0,0,0,0,0,0,0,0,0,0,0,0,0,0,0,0,1,0,none,,0,none,,,0,0,0,none,,0,none,,1,middle,240,direction_change,0,Trend Shift,none,0,0,0,0,0,1,0,0,0,0,0,0,0,0,0,0
2020-08-17,1.5637800745884862,0,0,0,0,0,0,0,0,0,0,0,0,0,0,0,0,0,1,0,none,,0,none,,,0,0,0,none,,0,none,,1,middle,240,direction_change,0,Trend Shift,none,0,0,0,0,0,1,0,0,0,0,0,0,0,0,0,0
2020-08-18,1.7677414731261472,0,0,0,0,0,0,0,0,0,0,0,0,0,0,0,0,0,1,0,none,,0,none,,,0,0,0,none,,0,none,,1,middle,240,direction_change,0,Trend Shift,none,0,0,0,0,0,1,0,0,0,0,0,0,0,0,0,0
2020-08-19,1.8868167145590151,0,0,0,0,0,0,0,0,0,0,0,0,0,0,0,0,0,1,0,none,,0,none,,,0,0,0,none,,0,none,,1,middle,240,direction_change,0,Trend Shift,none,0,0,0,0,0,1,0,0,0,0,0,0,0,0,0,0
2020-08-20,1.711309436468919,0,0,0,0,0,0,0,0,0,0,0,0,0,0,0,0,0,1,0,none,,0,none,,,0,0,0,none,,0,none,,1,middle,240,direction_change,0,Trend Shift,none,0,0,0,0,0,1,0,0,0,0,0,0,0,0,0,0
2020-08-21,1.5539918074803716,0,0,0,0,0,0,0,0,0,0,0,0,0,0,0,0,0,1,0,none,,0,none,,,0,0,0,none,,0,none,,1,middle,240,direction_change,0,Trend Shift,none,0,0,0,0,0,1,0,0,0,0,0,0,0,0,0,0
2020-08-22,1.2578265883210824,0,0,0,0,0,0,0,0,0,0,0,0,0,0,0,0,0,1,0,none,,0,none,,,0,0,0,none,,0,none,,1,middle,240,direction_change,0,Trend Shift,none,0,0,0,0,0,1,0,0,0,0,0,0,0,0,0,0
2020-08-23,1.5978957406735996,0,0,0,0,0,0,0,0,0,0,0,0,0,0,0,0,0,1,0,none,,0,none,,,0,0,0,none,,0,none,,1,middle,240,direction_change,0,Trend Shift,none,0,0,0,0,0,1,0,0,0,0,0,0,0,0,0,0
2020-08-24,1.9591856365890368,0,0,0,0,0,0,0,0,0,0,0,0,0,0,0,0,0,1,0,none,,0,none,,,0,0,0,none,,0,none,,1,middle,240,direction_change,0,Trend Shift,none,0,0,0,0,0,1,0,0,0,0,0,0,0,0,0,0
2020-08-25,1.6382752959306235,0,0,0,0,0,0,0,0,0,0,0,0,0,0,0,0,0,1,0,none,,0,none,,,0,0,0,none,,0,none,,1,middle,240,direction_change,0,Trend Shift,none,0,0,0,0,0,1,0,0,0,0,0,0,0,0,0,0
2020-08-26,1.3560857887712585,0,0,0,0,0,0,0,0,0,0,0,0,0,0,0,0,0,1,0,none,,0,none,,,0,0,0,none,,0,none,,1,middle,240,direction_change,0,Trend Shift,none,0,0,0,0,0,1,0,0,0,0,0,0,0,0,0,0
2020-08-27,1.4239227282561588,0,0,0,0,0,0,0,0,0,0,0,0,0,0,0,0,0,1,0,none,,0,none,,,0,0,0,none,,0,none,,1,middle,240,direction_change,0,Trend Shift,none,0,0,0,0,0,1,0,0,0,0,0,0,0,0,0,0
2020-08-28,1.3662073889995598,0,0,0,0,0,0,0,0,0,0,0,0,0,0,0,0,0,1,0,none,,0,none,,,0,0,0,none,,0,none,,1,middle,240,direction_change,0,Trend Shift,none,0,0,0,0,0,1,0,0,0,0,0,0,0,0,0,0
2020-08-29,1.6270102083745799,0,0,0,0,0,0,0,0,0,0,0,0,0,0,0,0,0,1,0,none,,0,none,,,0,0,0,none,,0,none,,1,middle,240,direction_change,0,Trend Shift,none,0,0,0,0,0,1,0,0,0,0,0,0,0,0,0,0
2020-08-30,1.906194361465464,0,0,0,0,0,0,0,0,0,0,0,0,0,0,0,0,0,1,0,none,,0,none,,,0,0,0,none,,0,none,,1,middle,240,direction_change,0,Trend Shift,none,0,0,0,0,0,1,0,0,0,0,0,0,0,0,0,0
2020-08-31,1.3516777446461945,0,0,0,0,0,0,0,0,0,0,0,0,0,0,0,0,0,1,0,none,,0,none,,,0,0,0,none,,0,none,,1,middle,240,direction_change,0,Trend Shift,none,0,0,0,0,0,1,0,0,0,0,0,0,0,0,0,0
2020-09-01,1.341169309487005,0,0,0,0,0,0,0,0,0,0,0,0,0,0,0,0,0,1,0,none,,0,none,,,0,0,0,none,,0,none,,1,middle,240,direction_change,0,Trend Shift,none,0,0,0,0,0,1,0,0,0,0,0,0,0,0,0,0
2020-09-02,1.6720475292398438,0,0,0,0,0,0,0,0,0,0,0,0,0,0,0,0,0,1,0,none,,0,none,,,0,0,0,none,,0,none,,1,middle,240,direction_change,0,Trend Shift,none,0,0,0,0,0,1,0,0,0,0,0,0,0,0,0,0
2020-09-03,1.7960725712235197,0,0,0,0,0,0,0,0,0,0,0,0,0,0,0,0,0,1,0,none,,0,none,,,0,0,0,none,,0,none,,1,middle,240,direction_change,0,Trend Shift,none,0,0,0,0,0,1,0,0,0,0,0,0,0,0,0,0
2020-09-04,2.0922128300980196,0,0,0,0,0,0,0,0,0,0,0,0,0,0,0,0,0,1,0,none,,0,none,,,0,0,0,none,,0,none,,1,middle,240,direction_change,0,Trend Shift,none,0,0,0,0,0,1,0,0,0,0,0,0,0,0,0,0
2020-09-05,1.5266204508123218,0,0,0,0,0,0,0,0,0,0,0,0,0,0,0,0,0,1,0,none,,0,none,,,0,0,0,none,,0,none,,1,middle,240,direction_change,0,Trend Shift,none,0,0,0,0,0,1,0,0,0,0,0,0,0,0,0,0
2020-09-06,1.3660356815077643,0,0,0,0,0,0,0,0,0,0,0,0,0,0,0,0,0,1,0,none,,0,none,,,0,0,0,none,,0,none,,1,middle,240,direction_change,0,Trend Shift,none,0,0,0,0,0,1,0,0,0,0,0,0,0,0,0,0
2020-09-07,1.4686920784687827,0,0,0,0,0,0,0,0,0,0,0,0,0,0,0,0,0,1,0,none,,0,none,,,0,0,0,none,,0,none,,1,middle,240,direction_change,0,Trend Shift,none,0,0,0,0,0,1,0,0,0,0,0,0,0,0,0,0
2020-09-08,1.557783003079865,0,0,0,0,0,0,0,0,0,0,0,0,0,0,0,0,0,1,0,none,,0,none,,,0,0,0,none,,0,none,,1,middle,240,direction_change,0,Trend Shift,none,0,0,0,0,0,1,0,0,0,0,0,0,0,0,0,0
2020-09-09,1.55282559459464,0,0,0,0,0,0,0,0,0,0,0,0,0,0,0,0,0,1,0,none,,0,none,,,0,0,0,none,,0,none,,1,middle,240,direction_change,0,Trend Shift,none,0,0,0,0,0,1,0,0,0,0,0,0,0,0,0,0
2020-09-10,1.3149253763679258,0,0,0,0,0,0,0,0,0,0,0,0,0,0,0,0,0,1,0,none,,0,none,,,0,0,0,none,,0,none,,1,middle,240,direction_change,0,Trend Shift,none,0,0,0,0,0,1,0,0,0,0,0,0,0,0,0,0
2020-09-11,1.622761515423173,0,0,0,0,0,0,0,0,0,0,0,0,0,0,0,0,0,1,0,none,,0,none,,,0,0,0,none,,0,none,,1,middle,240,direction_change,0,Trend Shift,none,0,0,0,0,0,1,0,0,0,0,0,0,0,0,0,0
2020-09-12,1.7219141196847738,0,0,0,0,0,0,0,0,0,0,0,0,0,0,0,0,0,1,0,none,,0,none,,,0,0,0,none,,0,none,,1,middle,240,direction_change,0,Trend Shift,none,0,0,0,0,0,1,0,0,0,0,0,0,0,0,0,0
2020-09-13,1.5566171960277453,0,0,0,0,0,0,0,0,0,0,0,0,0,0,0,0,0,1,0,none,,0,none,,,0,0,0,none,,0,none,,1,middle,240,direction_change,0,Trend Shift,none,0,0,0,0,0,1,0,0,0,0,0,0,0,0,0,0
2020-09-14,1.7104867234132595,0,0,0,0,0,0,0,0,0,0,0,0,0,0,0,0,0,1,0,none,,0,none,,,0,0,0,none,,0,none,,1,middle,240,direction_change,0,Trend Shift,none,0,0,0,0,0,1,0,0,0,0,0,0,0,0,0,0
2020-09-15,1.4449740593411535,0,0,0,0,0,0,0,0,0,0,0,0,0,0,0,0,0,1,0,none,,0,none,,,0,0,0,none,,0,none,,1,middle,240,direction_change,0,Trend Shift,none,0,0,0,0,0,1,0,0,0,0,0,0,0,0,0,0
2020-09-16,1.381126350079326,0,0,0,0,0,0,0,0,0,0,0,0,0,0,0,0,0,1,0,none,,0,none,,,0,0,0,none,,0,none,,1,middle,240,direction_change,0,Trend Shift,none,0,0,0,0,0,1,0,0,0,0,0,0,0,0,0,0
2020-09-17,1.320778638660785,0,0,0,0,0,0,0,0,0,0,0,0,0,0,0,0,0,1,0,none,,0,none,,,0,0,0,none,,0,none,,1,middle,240,direction_change,0,Trend Shift,none,0,0,0,0,0,1,0,0,0,0,0,0,0,0,0,0
2020-09-18,1.4919254091237903,0,0,0,0,0,0,0,0,0,0,0,0,0,0,0,0,0,1,0,none,,0,none,,,0,0,0,none,,0,none,,1,middle,240,direction_change,0,Trend Shift,none,0,0,0,0,0,1,0,0,0,0,0,0,0,0,0,0
2020-09-19,1.313108347894696,0,0,0,0,0,0,0,0,0,0,0,0,0,0,0,0,0,1,0,none,,0,none,,,0,0,0,none,,0,none,,1,middle,240,direction_change,0,Trend Shift,none,0,0,0,0,0,1,0,0,0,0,0,0,0,0,0,0
2020-09-20,1.4055550107479762,0,0,0,0,0,0,0,0,0,0,0,0,0,0,0,0,0,1,0,none,,0,none,,,0,0,0,none,,0,none,,1,middle,240,direction_change,0,Trend Shift,none,0,0,0,0,0,1,0,0,0,0,0,0,0,0,0,0
2020-09-21,1.2399995954165062,0,0,0,0,0,0,0,0,0,0,0,0,0,0,0,0,0,1,0,none,,0,none,,,0,0,0,none,,0,none,,1,middle,240,direction_change,0,Trend Shift,none,0,0,0,0,0,1,0,0,0,0,0,0,0,0,0,0
2020-09-22,1.4229610876382994,0,0,0,0,0,0,0,0,0,0,0,0,0,0,0,0,0,1,0,none,,0,none,,,0,0,0,none,,0,none,,1,middle,240,direction_change,0,Trend Shift,none,0,0,0,0,0,1,0,0,0,0,0,0,0,0,0,0
2020-09-23,1.0780933314948435,0,0,0,0,0,0,0,0,0,0,0,0,0,0,0,0,0,1,0,none,,0,none,,,0,0,0,none,,0,none,,1,middle,240,direction_change,0,Trend Shift,none,0,0,0,0,0,1,0,0,0,0,0,0,0,0,0,0
2020-09-24,1.3402346692904943,0,0,0,0,0,0,0,0,0,0,0,0,0,0,0,0,0,1,0,none,,0,none,,,0,0,0,none,,0,none,,1,middle,240,direction_change,0,Trend Shift,none,0,0,0,0,0,1,0,0,0,0,0,0,0,0,0,0
2020-09-25,1.1952826013843598,0,0,0,0,0,0,0,0,0,0,0,0,0,0,0,0,0,1,0,none,,0,none,,,0,0,0,none,,0,none,,1,middle,240,direction_change,0,Trend Shift,none,0,0,0,0,0,1,0,0,0,0,0,0,0,0,0,0
2020-09-26,1.2509234048822149,0,0,0,0,0,0,0,0,0,0,0,0,0,0,0,0,0,1,0,none,,0,none,,,0,0,0,none,,0,none,,1,middle,240,direction_change,0,Trend Shift,none,0,0,0,0,0,1,0,0,0,0,0,0,0,0,0,0
2020-09-27,1.4116189619378818,0,0,0,0,0,0,0,0,0,0,0,0,0,0,0,0,0,1,0,none,,0,none,,,0,0,0,none,,0,none,,1,middle,240,direction_change,0,Trend Shift,none,0,0,0,0,0,1,0,0,0,0,0,0,0,0,0,0
2020-09-28,1.133638433337506,0,0,0,0,0,0,0,0,0,0,0,0,0,0,0,0,0,1,0,none,,0,none,,,0,0,0,none,,0,none,,1,middle,240,direction_change,0,Trend Shift,none,0,0,0,0,0,1,0,0,0,0,0,0,0,0,0,0
2020-09-29,1.1177936528590424,0,0,0,0,0,0,0,0,0,0,0,0,0,0,0,0,0,1,0,none,,0,none,,,0,0,0,none,,0,none,,1,middle,240,direction_change,0,Trend Shift,none,0,0,0,0,0,1,0,0,0,0,0,0,0,0,0,0
2020-09-30,1.2081110580669012,0,0,0,0,0,0,0,0,0,0,0,0,0,0,0,0,0,1,0,none,,0,none,,,0,0,0,none,,0,none,,1,middle,240,direction_change,0,Trend Shift,none,0,0,0,0,0,1,0,0,0,0,0,0,0,0,0,0
2020-10-01,1.1500386862646181,0,0,0,0,0,0,0,0,0,0,0,0,0,0,0,0,0,1,0,none,,0,none,,,0,0,0,none,,0,none,,1,middle,240,direction_change,0,Trend Shift,none,0,0,0,0,0,1,0,0,0,0,0,0,0,0,0,0
2020-10-02,1.1835834971979915,0,0,0,0,0,0,0,0,0,0,0,0,0,0,0,0,0,1,0,none,,0,none,,,0,0,0,none,,0,none,,1,middle,240,direction_change,0,Trend Shift,none,0,0,0,0,0,1,0,0,0,0,0,0,0,0,0,0
2020-10-03,0.968732585065818,0,0,0,0,0,0,0,0,0,0,0,0,0,0,0,0,0,1,0,none,,0,none,,,0,0,0,none,,0,none,,1,middle,240,direction_change,0,Trend Shift,none,0,0,0,0,0,1,0,0,0,0,0,0,0,0,0,0
2020-10-04,0.9332623181365771,0,0,0,0,0,0,0,0,0,0,0,0,0,0,0,0,0,1,0,none,,0,none,,,0,0,0,none,,0,none,,1,middle,240,direction_change,0,Trend Shift,none,0,0,0,0,0,1,0,0,0,0,0,0,0,0,0,0
2020-10-05,1.041226087167226,0,0,0,0,0,0,0,0,0,0,0,0,0,0,0,0,0,1,0,none,,0,none,,,0,0,0,none,,0,none,,1,middle,240,direction_change,0,Trend Shift,none,0,0,0,0,0,1,0,0,0,0,0,0,0,0,0,0
2020-10-06,0.9080126024883922,0,0,0,0,0,0,0,0,0,0,0,0,0,0,0,0,0,1,0,none,,0,none,,,0,0,0,none,,0,none,,1,middle,240,direction_change,0,Trend Shift,none,0,0,0,0,0,1,0,0,0,0,0,0,0,0,0,0
2020-10-07,0.9724404669808042,0,0,0,0,0,0,0,0,0,0,0,0,0,0,0,0,0,1,0,none,,0,none,,,0,0,0,none,,0,none,,1,middle,240,direction_change,0,Trend Shift,none,0,0,0,0,0,1,0,0,0,0,0,0,0,0,0,0
2020-10-08,1.2131469756952602,0,0,0,0,0,0,0,0,0,0,0,0,0,0,0,0,0,1,0,none,,0,none,,,0,0,0,none,,0,none,,1,middle,240,direction_change,0,Trend Shift,none,0,0,0,0,0,1,0,0,0,0,0,0,0,0,0,0
2020-10-09,0.9549485516344473,0,0,0,0,0,0,0,0,0,0,0,0,0,0,0,0,0,1,0,none,,0,none,,,0,0,0,none,,0,none,,1,middle,240,direction_change,0,Trend Shift,none,0,0,0,0,0,1,0,0,0,0,0,0,0,0,0,0
2020-10-10,0.9792443453565866,0,0,0,0,0,0,0,0,0,0,0,0,0,0,0,0,0,1,0,none,,0,none,,,0,0,0,none,,0,none,,1,middle,240,direction_change,0,Trend Shift,none,0,0,0,0,0,1,0,0,0,0,0,0,0,0,0,0
2020-10-11,1.3242041888684408,0,0,0,0,0,0,0,0,0,0,0,0,0,0,0,0,0,1,0,none,,0,none,,,0,0,0,none,,0,none,,1,middle,240,direction_change,0,Trend Shift,none,0,0,0,0,0,1,0,0,0,0,0,0,0,0,0,0
2020-10-12,0.985211251545515,0,0,0,0,0,0,0,0,0,0,0,0,0,0,0,0,0,1,0,none,,0,none,,,0,0,0,none,,0,none,,1,middle,240,direction_change,0,Trend Shift,none,0,0,0,0,0,1,0,0,0,0,0,0,0,0,0,0
2020-10-13,0.9263954213229595,0,0,0,0,0,0,0,0,0,0,0,0,0,0,0,0,0,1,0,none,,0,none,,,0,0,0,none,,0,none,,1,middle,240,direction_change,0,Trend Shift,none,0,0,0,0,0,1,0,0,0,0,0,0,0,0,0,0
2020-10-14,0.8962636951865828,0,0,0,0,0,0,0,0,0,0,0,0,0,0,0,0,0,1,0,none,,0,none,,,0,0,0,none,,0,none,,1,middle,240,direction_change,0,Trend Shift,none,0,0,0,0,0,1,0,0,0,0,0,0,0,0,0,0
2020-10-15,0.7923457185474725,0,0,0,0,0,0,0,0,0,0,0,0,0,0,0,0,0,1,0,none,,0,none,,,0,0,0,none,,0,none,,1,middle,240,direction_change,0,Trend Shift,none,0,0,0,0,0,1,0,0,0,0,0,0,0,0,0,0
2020-10-16,1.4383578696438712,0,0,0,0,0,0,0,0,0,0,0,0,0,0,0,0,0,1,0,none,,0,none,,,0,0,0,none,,0,none,,1,middle,240,direction_change,0,Trend Shift,none,0,0,0,0,0,1,0,0,0,0,0,0,0,0,0,0
2020-10-17,0.7248553988733009,0,0,0,0,0,0,0,0,0,0,0,0,0,0,0,0,0,1,0,none,,0,none,,,0,0,0,none,,0,none,,1,middle,240,direction_change,0,Trend Shift,none,0,0,0,0,0,1,0,0,0,0,0,0,0,0,0,0
2020-10-18,0.6746920382257027,0,0,0,0,0,0,0,0,0,0,0,0,0,0,0,0,0,1,0,none,,0,none,,,0,0,0,none,,0,none,,1,middle,240,direction_change,0,Trend Shift,none,0,0,0,0,0,1,0,0,0,0,0,0,0,0,0,0
2020-10-19,0.7660557654838711,0,0,0,0,0,0,0,0,0,0,0,0,0,0,0,0,0,1,0,none,,0,none,,,0,0,0,none,,0,none,,1,middle,240,direction_change,0,Trend Shift,none,0,0,0,0,0,1,0,0,0,0,0,0,0,0,0,0
2020-10-20,0.8406067419926001,0,0,0,0,0,0,0,0,0,0,0,0,0,0,0,0,0,1,0,none,,0,none,,,0,0,0,none,,0,none,,1,middle,240,direction_change,0,Trend Shift,none,0,0,0,0,0,1,0,0,0,0,0,0,0,0,0,0
2020-10-21,0.7634569916883178,0,0,0,0,0,0,0,0,0,0,0,0,0,0,0,0,0,1,0,none,,0,none,,,0,0,0,none,,0,none,,1,middle,240,direction_change,0,Trend Shift,none,0,0,0,0,0,1,0,0,0,0,0,0,0,0,0,0
2020-10-22,0.8288768242621004,0,0,0,0,0,0,0,0,0,0,0,0,0,0,0,0,0,1,0,none,,0,none,,,0,0,0,none,,0,none,,1,middle,240,direction_change,0,Trend Shift,none,0,0,0,0,0,1,0,0,0,0,0,0,0,0,0,0
2020-10-23,0.7645299270060205,0,0,0,0,0,0,0,0,0,0,0,0,0,0,0,0,0,1,0,none,,0,none,,,0,0,0,none,,0,none,,1,middle,240,direction_change,0,Trend Shift,none,0,0,0,0,0,1,0,0,0,0,0,0,0,0,0,0
2020-10-24,0.7129625850990026,0,0,0,0,0,0,0,0,0,0,0,0,0,0,0,0,0,1,0,none,,0,none,,,0,0,0,none,,0,none,,1,middle,240,direction_change,0,Trend Shift,none,0,0,0,0,0,1,0,0,0,0,0,0,0,0,0,0
2020-10-25,0.8703950888777426,0,0,0,0,0,0,0,0,0,0,0,0,0,0,0,0,0,1,0,none,,0,none,,,0,0,0,none,,0,none,,1,middle,240,direction_change,0,Trend Shift,none,0,0,0,0,0,1,0,0,0,0,0,0,0,0,0,0
2020-10-26,0.9386958985491323,0,0,0,0,0,0,0,0,0,0,0,0,0,0,0,0,0,1,0,none,,0,none,,,0,0,0,none,,0,none,,1,middle,240,direction_change,0,Trend Shift,none,0,0,0,0,0,1,0,0,0,0,0,0,0,0,0,0
2020-10-27,1.0454621448280386,0,0,0,0,0,0,0,0,0,0,0,0,0,0,0,0,0,1,0,none,,0,none,,,0,0,0,none,,0,none,,1,middle,240,direction_change,0,Trend Shift,none,0,0,0,0,0,1,0,0,0,0,0,0,0,0,0,0
2020-10-28,0.8572519650650426,0,0,0,0,0,0,0,0,0,0,0,0,0,0,0,0,0,1,0,none,,0,none,,,0,0,0,none,,0,none,,1,middle,240,direction_change,0,Trend Shift,none,0,0,0,0,0,1,0,0,0,0,0,0,0,0,0,0
2020-10-29,0.9498322701706122,0,0,0,0,0,0,0,0,0,0,0,0,0,0,0,0,0,1,0,none,,0,none,,,0,0,0,none,,0,none,,1,middle,240,direction_change,0,Trend Shift,none,0,0,0,0,0,1,0,0,0,0,0,0,0,0,0,0
2020-10-30,0.617652473138253,0,0,0,0,0,0,0,0,0,0,0,0,0,0,0,0,0,1,0,none,,0,none,,,0,0,0,none,,0,none,,1,middle,240,direction_change,0,Trend Shift,none,0,0,0,0,0,1,0,0,0,0,0,0,0,0,0,0
2020-10-31,0.6677954631351584,0,0,0,0,0,0,0,0,0,0,0,0,0,0,0,0,0,1,0,none,,0,none,,,0,0,0,none,,0,none,,1,middle,240,direction_change,0,Trend Shift,none,0,0,0,0,0,1,0,0,0,0,0,0,0,0,0,0
2020-11-01,0.7891767932471861,0,0,0,0,0,0,0,0,0,0,0,0,0,0,0,0,0,1,0,none,,0,none,,,0,0,0,none,,0,none,,1,middle,240,direction_change,0,Trend Shift,none,0,0,0,0,0,1,0,0,0,0,0,0,0,0,0,0
2020-11-02,0.8720191425044019,0,0,0,0,0,0,0,0,0,0,0,0,0,0,0,0,0,1,0,none,,0,none,,,0,0,0,none,,0,none,,1,middle,240,direction_change,0,Trend Shift,none,0,0,0,0,0,1,0,0,0,0,0,0,0,0,0,0
2020-11-03,0.9618584682173028,0,0,0,0,0,0,0,0,0,0,0,0,0,0,0,0,0,1,0,none,,0,none,,,0,0,0,none,,0,none,,1,middle,240,direction_change,0,Trend Shift,none,0,0,0,0,0,1,0,0,0,0,0,0,0,0,0,0
2020-11-04,0.6192474350386103,0,0,0,0,0,0,0,0,0,0,0,0,0,0,0,0,0,1,0,none,,0,none,,,0,0,0,none,,0,none,,1,middle,240,direction_change,0,Trend Shift,none,0,0,0,0,0,1,0,0,0,0,0,0,0,0,0,0
2020-11-05,1.0147753125266696,0,0,0,0,0,0,0,0,0,0,0,0,0,0,0,0,0,1,0,none,,0,none,,,0,0,0,none,,0,none,,1,middle,240,direction_change,0,Trend Shift,none,0,0,0,0,0,1,0,0,0,0,0,0,0,0,0,0
2020-11-06,0.4612204689815693,0,0,0,0,0,0,0,0,0,0,0,0,0,0,0,0,0,1,0,none,,0,none,,,0,0,0,none,,0,none,,1,middle,240,direction_change,0,Trend Shift,none,0,0,0,0,0,1,0,0,0,0,0,0,0,0,0,0
2020-11-07,0.5567472509276852,0,0,0,0,0,0,0,0,0,0,0,0,0,0,0,0,0,1,0,none,,0,none,,,0,0,0,none,,0,none,,1,middle,240,direction_change,0,Trend Shift,none,0,0,0,0,0,1,0,0,0,0,0,0,0,0,0,0
2020-11-08,0.6679341107443375,0,0,0,0,0,0,0,0,0,0,0,0,0,0,0,0,0,1,0,none,,0,none,,,0,0,0,none,,0,none,,1,middle,240,direction_change,0,Trend Shift,none,0,0,0,0,0,1,0,0,0,0,0,0,0,0,0,0
2020-11-09,0.1493388854972992,0,0,0,0,0,0,0,0,0,0,0,0,0,0,0,0,0,1,0,none,,0,none,,,0,0,0,none,,0,none,,1,middle,240,direction_change,0,Trend Shift,none,0,0,0,0,0,1,0,0,0,0,0,0,0,0,0,0
2020-11-10,0.6420234679581541,0,0,0,0,0,0,0,0,0,0,0,0,0,0,0,0,0,1,0,none,,0,none,,,0,0,0,none,,0,none,,1,middle,240,direction_change,0,Trend Shift,none,0,0,0,0,0,1,0,0,0,0,0,0,0,0,0,0
2020-11-11,0.510533416311941,0,0,0,0,0,0,0,0,0,0,0,0,0,0,0,0,0,1,0,none,,0,none,,,0,0,0,none,,0,none,,1,middle,240,direction_change,0,Trend Shift,none,0,0,0,0,0,1,0,0,0,0,0,0,0,0,0,0
2020-11-12,0.4748471606385822,0,0,0,0,0,0,0,0,0,0,0,0,0,0,0,0,0,1,0,none,,0,none,,,0,0,0,none,,0,none,,1,middle,240,direction_change,0,Trend Shift,none,0,0,0,0,0,1,0,0,0,0,0,0,0,0,0,0
2020-11-13,0.8321436858505408,0,0,0,0,0,0,0,0,0,0,0,0,0,0,0,0,0,1,0,none,,0,none,,,0,0,0,none,,0,none,,1,middle,240,direction_change,0,Trend Shift,none,0,0,0,0,0,1,0,0,0,0,0,0,0,0,0,0
2020-11-14,0.7213250352229041,0,0,0,0,0,0,0,0,0,0,0,0,0,0,0,0,0,1,0,none,,0,none,,,0,0,0,none,,0,none,,1,middle,240,direction_change,0,Trend Shift,none,0,0,0,0,0,1,0,0,0,0,0,0,0,0,0,0
2020-11-15,0.43971700307730216,0,0,0,0,0,0,0,0,0,0,0,0,0,0,0,0,0,1,0,none,,0,none,,,0,0,0,none,,0,none,,1,middle,240,direction_change,0,Trend Shift,none,0,0,0,0,0,1,0,0,0,0,0,0,0,0,0,0
2020-11-16,0.7713726491336159,0,0,0,0,0,0,0,0,0,0,0,0,0,0,0,0,0,1,0,none,,0,none,,,0,0,0,none,,0,none,,1,middle,240,direction_change,0,Trend Shift,none,0,0,0,0,0,1,0,0,0,0,0,0,0,0,0,0
2020-11-17,0.7558806348827884,0,0,0,0,0,0,0,0,0,0,0,0,0,0,0,0,0,1,0,none,,0,none,,,0,0,0,none,,0,none,,1,middle,240,direction_change,0,Trend Shift,none,0,0,0,0,0,1,0,0,0,0,0,0,0,0,0,0
2020-11-18,0.15399012848322516,0,0,0,0,0,0,0,0,0,0,0,0,0,0,0,0,0,1,0,none,,0,none,,,0,0,0,none,,0,none,,1,middle,240,direction_change,0,Trend Shift,none,0,0,0,0,0,1,0,0,0,0,0,0,0,0,0,0
2020-11-19,0.8698647357636066,0,0,0,0,0,0,0,0,0,0,0,0,0,0,0,0,0,1,0,none,,0,none,,,0,0,0,none,,0,none,,1,middle,240,direction_change,0,Trend Shift,none,0,0,0,0,0,1,0,0,0,0,0,0,0,0,0,0
2020-11-20,0.18703108699783583,0,0,0,0,0,0,0,0,0,0,0,0,0,0,0,0,0,1,0,none,,0,none,,,0,0,0,none,,0,none,,1,middle,240,direction_change,0,Trend Shift,none,0,0,0,0,0,1,0,0,0,0,0,0,0,0,0,0
2020-11-21,0.7069346896762378,0,0,0,0,0,0,0,0,0,0,0,0,0,0,0,0,0,1,0,none,,0,none,,,0,0,0,none,,0,none,,1,middle,240,direction_change,0,Trend Shift,none,0,0,0,0,0,1,0,0,0,0,0,0,0,0,0,0
2020-11-22,0.43426102672505135,0,0,0,0,0,0,0,0,0,0,0,0,0,0,0,0,0,1,0,none,,0,none,,,0,0,0,none,,0,none,,1,middle,240,direction_change,0,Trend Shift,none,0,0,0,0,0,1,0,0,0,0,0,0,0,0,0,0
2020-11-23,0.5242890703544297,0,0,0,0,0,0,0,0,0,0,0,0,0,0,0,0,0,1,0,none,,0,none,,,0,0,0,none,,0,none,,1,middle,240,direction_change,0,Trend Shift,none,0,0,0,0,0,1,0,0,0,0,0,0,0,0,0,0
2020-11-24,0.22369444162842567,0,0,0,0,0,0,0,0,0,0,0,0,0,0,0,0,0,1,0,none,,0,none,,,0,0,0,none,,0,none,,1,middle,240,direction_change,0,Trend Shift,none,0,0,0,0,0,1,0,0,0,0,0,0,0,0,0,0
2020-11-25,0.27703297887388634,0,0,0,0,0,0,0,0,0,0,0,0,0,0,0,0,0,1,0,none,,0,none,,,0,0,0,none,,0,none,,1,middle,240,direction_change,0,Trend Shift,none,0,0,0,0,0,1,0,0,0,0,0,0,0,0,0,0
2020-11-26,0.7971583637832875,0,0,0,0,0,0,0,0,0,0,0,0,0,0,0,0,0,1,0,none,,0,none,,,0,0,0,none,,0,none,,1,middle,240,direction_change,0,Trend Shift,none,0,0,0,0,0,1,0,0,0,0,0,0,0,0,0,0
2020-11-27,0.4659072524849548,0,0,0,0,0,0,0,0,0,0,0,0,0,0,0,0,0,1,0,none,,0,none,,,0,0,0,none,,0,none,,1,middle,240,direction_change,0,Trend Shift,none,0,0,0,0,0,1,0,0,0,0,0,0,0,0,0,0
2020-11-28,0.2187258741121001,0,0,0,0,0,0,0,0,0,0,0,0,0,0,0,0,0,1,0,none,,0,none,,,0,0,0,none,,0,none,,1,middle,240,direction_change,0,Trend Shift,none,0,0,0,0,0,1,0,0,0,0,0,0,0,0,0,0
2020-11-29,0.24360140399594374,0,0,0,0,0,0,0,0,0,0,0,0,0,0,0,0,0,1,0,none,,0,none,,,0,0,0,none,,0,none,,1,middle,240,direction_change,0,Trend Shift,none,0,0,0,0,0,1,0,0,0,0,0,0,0,0,0,0
2020-11-30,0.5432093735377979,0,0,0,0,0,0,0,0,0,0,0,0,0,0,0,0,0,1,0,none,,0,none,,,0,0,0,none,,0,none,,1,middle,240,direction_change,0,Trend Shift,none,0,0,0,0,0,1,0,0,0,0,0,0,0,0,0,0
2020-12-01,0.18930759674840494,0,0,0,0,0,0,0,0,0,0,0,0,0,0,0,0,0,1,0,none,,0,none,,,0,0,0,none,,0,none,,1,middle,240,direction_change,0,Trend Shift,none,0,0,0,0,0,1,0,0,0,0,0,0,0,0,0,0
2020-12-02,0.7443708672369066,0,0,0,0,0,0,0,0,0,0,0,0,0,0,0,0,0,1,0,none,,0,none,,,0,0,0,none,,0,none,,1,middle,240,direction_change,0,Trend Shift,none,0,0,0,0,0,1,0,0,0,0,0,0,0,0,0,0
2020-12-03,0.1083797949902115,0,0,0,0,0,0,0,0,0,0,0,0,0,0,0,0,0,1,0,none,,0,none,,,0,0,0,none,,0,none,,1,middle,240,direction_change,0,Trend Shift,none,0,0,0,0,0,1,0,0,0,0,0,0,0,0,0,0
2020-12-04,-0.12731822159117326,0,0,0,0,0,0,0,0,0,0,0,0,0,0,0,0,0,1,0,none,,0,none,,,0,0,0,none,,0,none,,1,middle,240,direction_change,0,Trend Shift,none,0,0,0,0,0,1,0,0,0,0,0,0,0,0,0,0
2020-12-05,0.4223966518170754,0,0,0,0,0,0,0,0,0,0,0,0,0,0,0,0,0,1,0,none,,0,none,,,0,0,0,none,,0,none,,1,middle,240,direction_change,0,Trend Shift,none,0,0,0,0,0,1,0,0,0,0,0,0,0,0,0,0
2020-12-06,-0.055705832606798934,0,0,0,0,0,0,0,0,0,0,0,0,0,0,0,0,0,1,0,none,,0,none,,,0,0,0,none,,0,none,,1,middle,240,direction_change,0,Trend Shift,none,0,0,0,0,0,1,0,0,0,0,0,0,0,0,0,0
2020-12-07,0.24492584678173132,0,0,0,0,0,0,0,0,0,0,0,0,0,0,0,0,0,1,0,none,,0,none,,,0,0,0,none,,0,none,,1,middle,240,direction_change,0,Trend Shift,none,0,0,0,0,0,1,0,0,0,0,0,0,0,0,0,0
2020-12-08,-0.028445870174257183,0,0,0,0,0,0,0,0,0,0,0,0,0,0,0,0,0,1,0,none,,0,none,,,0,0,0,none,,0,none,,1,middle,240,direction_change,0,Trend Shift,none,0,0,0,0,0,1,0,0,0,0,0,0,0,0,0,0
2020-12-09,0.24496426200739002,0,0,0,0,0,0,0,0,0,0,0,0,0,0,0,0,0,1,0,none,,0,none,,,0,0,0,none,,0,none,,1,middle,240,direction_change,0,Trend Shift,none,0,0,0,0,0,1,0,0,0,0,0,0,0,0,0,0
2020-12-10,0.24018030935779763,0,0,0,0,0,0,0,0,0,0,0,0,0,0,0,0,0,1,0,none,,0,none,,,0,0,0,none,,0,none,,1,middle,240,direction_change,0,Trend Shift,none,0,0,0,0,0,1,0,0,0,0,0,0,0,0,0,0
2020-12-11,0.5238278438500097,0,0,0,0,0,0,0,0,0,0,0,0,0,0,0,0,0,1,0,none,,0,none,,,0,0,0,none,,0,none,,1,middle,240,direction_change,0,Trend Shift,none,0,0,0,0,0,1,0,0,0,0,0,0,0,0,0,0
2020-12-12,0.15845777910220912,0,0,0,0,0,0,0,0,0,0,0,0,0,0,0,0,0,1,0,none,,0,none,,,0,0,0,none,,0,none,,1,middle,240,direction_change,0,Trend Shift,none,0,0,0,0,0,1,0,0,0,0,0,0,0,0,0,0
2020-12-13,0.03786866566658086,0,0,0,0,0,0,0,0,0,0,0,0,0,0,0,0,0,1,0,none,,0,none,,,0,0,0,none,,0,none,,1,middle,240,direction_change,0,Trend Shift,none,0,0,0,0,0,1,0,0,0,0,0,0,0,0,0,0
2020-12-14,0.47882817625456736,0,0,0,0,0,0,0,0,0,0,0,0,0,0,0,0,0,1,0,none,,0,none,,,0,0,0,none,,0,none,,1,middle,240,direction_change,0,Trend Shift,none,0,0,0,0,0,1,0,0,0,0,0,0,0,0,0,0
2020-12-15,-0.06491797228015855,0,0,0,0,0,0,0,0,0,0,0,0,0,0,0,0,0,1,0,none,,0,none,,,0,0,0,none,,0,none,,1,middle,240,direction_change,0,Trend Shift,none,0,0,0,0,0,1,0,0,0,0,0,0,0,0,0,0
2020-12-16,0.4127419920310413,0,0,0,0,0,0,0,0,0,0,0,0,0,0,0,0,0,1,0,none,,0,none,,,0,0,0,none,,0,none,,1,middle,240,direction_change,0,Trend Shift,none,0,0,0,0,0,1,0,0,0,0,0,0,0,0,0,0
2020-12-17,0.4820939879060949,0,0,0,0,0,0,0,0,0,0,0,0,0,0,0,0,0,1,0,none,,0,none,,,0,0,0,none,,0,none,,1,middle,240,direction_change,0,Trend Shift,none,0,0,0,0,0,1,0,0,0,0,0,0,0,0,0,0
2020-12-18,0.1780718484774371,0,0,0,0,0,0,0,0,0,0,0,0,0,0,0,0,0,1,0,none,,0,none,,,0,0,0,none,,0,none,,1,middle,240,direction_change,0,Trend Shift,none,0,0,0,0,0,1,0,0,0,0,0,0,0,0,0,0
2020-12-19,0.08552826143197664,0,0,0,0,0,0,0,0,0,0,0,0,0,0,0,0,0,1,0,none,,0,none,,,0,0,0,none,,0,none,,1,middle,240,direction_change,0,Trend Shift,none,0,0,0,0,0,1,0,0,0,0,0,0,0,0,0,0
2020-12-20,-0.2874009130591225,0,0,0,0,0,0,0,0,0,0,0,0,0,0,0,0,0,1,0,none,,0,none,,,0,0,0,none,,0,none,,1,middle,240,direction_change,0,Trend Shift,none,0,0,0,0,0,1,0,0,0,0,0,0,0,0,0,0
2020-12-21,-0.38708537576144164,0,0,0,0,0,0,0,0,0,0,0,0,0,0,0,0,0,1,0,none,,0,none,,,0,0,0,none,,0,none,,1,middle,240,direction_change,0,Trend Shift,none,0,0,0,0,0,1,0,0,0,0,0,0,0,0,0,0
2020-12-22,-0.3548560760860649,0,0,0,0,0,0,0,0,0,0,0,0,0,0,0,0,0,1,0,none,,0,none,,,0,0,0,none,,0,none,,1,middle,240,direction_change,0,Trend Shift,none,0,0,0,0,0,1,0,0,0,0,0,0,0,0,0,0
2020-12-23,0.35570070298945566,0,0,0,0,0,0,0,0,0,0,0,0,0,0,0,0,0,1,0,none,,0,none,,,0,0,0,none,,0,none,,1,middle,240,direction_change,0,Trend Shift,none,0,0,0,0,0,1,0,0,0,0,0,0,0,0,0,0
2020-12-24,-0.20969344500119655,0,0,0,0,0,0,0,0,0,0,0,0,0,0,0,0,0,1,0,none,,0,none,,,0,0,0,none,,0,none,,1,middle,240,direction_change,0,Trend Shift,none,0,0,0,0,0,1,0,0,0,0,0,0,0,0,0,0
2020-12-25,0.16109404781808864,0,0,0,0,0,0,0,0,0,0,0,0,0,0,0,0,0,1,0,none,,0,none,,,0,0,0,none,,0,none,,1,middle,240,direction_change,0,Trend Shift,none,0,0,0,0,0,1,0,0,0,0,0,0,0,0,0,0
2020-12-26,0.037058198031008266,0,0,0,0,0,0,0,0,0,0,0,0,0,0,0,0,0,1,0,none,,0,none,,,0,0,0,none,,0,none,,1,middle,240,direction_change,0,Trend Shift,none,0,0,0,0,0,1,0,0,0,0,0,0,0,0,0,0
2020-12-27,-0.18765317219446065,0,0,0,0,0,0,0,0,0,0,0,0,0,0,0,0,0,1,0,none,,0,none,,,0,0,0,none,,0,none,,1,middle,240,direction_change,0,Trend Shift,none,0,0,0,0,0,1,0,0,0,0,0,0,0,0,0,0
2020-12-28,-0.22935867769831106,0,0,0,0,0,0,0,0,0,0,0,0,0,0,0,0,0,1,0,none,,0,none,,,0,0,0,none,,0,none,,1,middle,240,direction_change,0,Trend Shift,none,0,0,0,0,0,1,0,0,0,0,0,0,0,0,0,0
2020-12-29,-0.327366132902469,0,0,0,0,0,0,0,0,0,0,0,0,0,0,0,0,0,1,0,none,,0,none,,,0,0,0,none,,0,none,,1,middle,240,direction_change,0,Trend Shift,none,0,0,0,0,0,1,0,0,0,0,0,0,0,0,0,0
2020-12-30,-0.4111524541486034,0,0,0,0,0,0,0,0,0,0,0,0,0,0,0,0,0,1,0,none,,0,none,,,0,0,0,none,,0,none,,1,middle,240,direction_change,0,Trend Shift,none,0,0,0,0,0,1,0,0,0,0,0,0,0,0,0,0
2020-12-31,-0.02896794758068597,0,0,0,0,0,0,0,0,0,0,0,0,0,0,0,0,0,1,0,none,,0,none,,,0,0,0,none,,0,none,,1,middle,240,direction_change,0,Trend Shift,none,0,0,0,0,0,1,0,0,0,0,0,0,0,0,0,0
2021-01-01,-0.383905055497784,0,0,0,0,0,0,0,0,0,0,0,0,0,0,0,0,0,1,0,none,,0,none,,,0,0,0,none,,0,none,,1,middle,240,direction_change,0,Trend Shift,none,0,0,0,0,0,1,0,0,0,0,0,0,0,0,0,0
2021-01-02,-0.12459238643231504,0,0,0,0,0,0,0,0,0,0,0,0,0,0,0,0,0,1,0,none,,0,none,,,0,0,0,none,,0,none,,1,middle,240,direction_change,0,Trend Shift,none,0,0,0,0,0,1,0,0,0,0,0,0,0,0,0,0
2021-01-03,0.03222850741259926,0,0,0,0,0,0,0,0,0,0,0,0,0,0,0,0,0,1,0,none,,0,none,,,0,0,0,none,,0,none,,1,middle,240,direction_change,0,Trend Shift,none,0,0,0,0,0,1,0,0,0,0,0,0,0,0,0,0
2021-01-04,-0.21301558735313056,0,0,0,0,0,0,0,0,0,0,0,0,0,0,0,0,0,1,0,none,,0,none,,,0,0,0,none,,0,none,,1,middle,240,direction_change,0,Trend Shift,none,0,0,0,0,0,1,0,0,0,0,0,0,0,0,0,0
2021-01-05,-0.26184163141121014,0,0,0,0,0,0,0,0,0,0,0,0,0,0,0,0,0,1,0,none,,0,none,,,0,0,0,none,,0,none,,1,middle,240,direction_change,0,Trend Shift,none,0,0,0,0,0,1,0,0,0,0,0,0,0,0,0,0
2021-01-06,-0.5724951377100497,0,0,0,0,0,0,0,0,0,0,0,0,0,0,0,0,0,1,0,none,,0,none,,,0,0,0,none,,0,none,,1,middle,240,direction_change,0,Trend Shift,none,0,0,0,0,0,1,0,0,0,0,0,0,0,0,0,0
2021-01-07,-0.08970741525508863,0,0,0,0,0,0,0,0,0,0,0,0,0,0,0,0,0,1,0,none,,0,none,,,0,0,0,none,,0,none,,1,middle,240,direction_change,0,Trend Shift,none,0,0,0,0,0,1,0,0,0,0,0,0,0,0,0,0
2021-01-08,-0.136267295177566,0,0,0,0,0,0,0,0,0,0,0,0,0,0,0,0,0,1,0,none,,0,none,,,0,0,0,none,,0,none,,1,middle,240,direction_change,0,Trend Shift,none,0,0,0,0,0,1,0,0,0,0,0,0,0,0,0,0
2021-01-09,-0.3513006249077112,0,0,0,0,0,0,0,0,0,0,0,0,0,0,0,0,0,1,0,none,,0,none,,,0,0,0,none,,0,none,,1,middle,240,direction_change,0,Trend Shift,none,0,0,0,0,0,1,0,0,0,0,0,0,0,0,0,0
2021-01-10,-0.20955642458430893,0,0,0,0,0,0,0,0,0,0,0,0,0,0,0,0,0,1,0,none,,0,none,,,0,0,0,none,,0,none,,1,middle,240,direction_change,0,Trend Shift,none,0,0,0,0,0,1,0,0,0,0,0,0,0,0,0,0
2021-01-11,-0.47522518254481966,0,0,0,0,0,0,0,0,0,0,0,0,0,0,0,0,0,1,0,none,,0,none,,,0,0,0,none,,0,none,,1,middle,240,direction_change,0,Trend Shift,none,0,0,0,0,0,1,0,0,0,0,0,0,0,0,0,0
2021-01-12,-0.1435629463578675,0,0,0,0,0,0,0,0,0,0,0,0,0,0,0,0,0,1,0,none,,0,none,,,0,0,0,none,,0,none,,1,middle,240,direction_change,0,Trend Shift,none,0,0,0,0,0,1,0,0,0,0,0,0,0,0,0,0
2021-01-13,-0.020889785937733052,0,0,0,0,0,0,0,0,0,0,0,0,0,0,0,0,0,1,0,none,,0,none,,,0,0,0,none,,0,none,,1,middle,240,direction_change,0,Trend Shift,none,0,0,0,0,0,1,0,0,0,0,0,0,0,0,0,0
2021-01-14,-0.4282047894352753,0,0,0,0,0,0,0,0,0,0,0,0,0,0,0,0,0,1,0,none,,0,none,,,0,0,0,none,,0,none,,1,middle,240,direction_change,0,Trend Shift,none,0,0,0,0,0,1,0,0,0,0,0,0,0,0,0,0
2021-01-15,-0.11191186735184433,0,0,0,0,0,0,0,0,0,0,0,0,0,0,0,0,0,1,0,none,,0,none,,,0,0,0,none,,0,none,,1,middle,240,direction_change,0,Trend Shift,none,0,0,0,0,0,1,0,0,0,0,0,0,0,0,0,0
2021-01-16,-0.12460437986237347,0,0,0,0,0,0,0,0,0,0,0,0,0,0,0,0,0,1,0,none,,0,none,,,0,0,0,none,,0,none,,1,middle,240,direction_change,0,Trend Shift,none,0,0,0,0,0,1,0,0,0,0,0,0,0,0,0,0
2021-01-17,-0.19701628933861445,0,0,0,0,0,0,0,0,0,0,0,0,0,0,0,0,0,1,0,none,,0,none,,,0,0,0,none,,0,none,,1,middle,240,direction_change,0,Trend Shift,none,0,0,0,0,0,1,0,0,0,0,0,0,0,0,0,0
2021-01-18,-0.4042649227708299,0,0,0,0,0,0,0,0,0,0,0,0,0,0,0,0,0,1,0,none,,0,none,,,0,0,0,none,,0,none,,1,middle,240,direction_change,0,Trend Shift,none,0,0,0,0,0,1,0,0,0,0,0,0,0,0,0,0
2021-01-19,-0.4529655454226101,0,0,0,0,0,0,0,0,0,0,0,0,0,0,0,0,0,1,0,none,,0,none,,,0,0,0,none,,0,none,,1,middle,240,direction_change,0,Trend Shift,none,0,0,0,0,0,1,0,0,0,0,0,0,0,0,0,0
2021-01-20,-0.7762581643278739,0,0,0,0,0,0,0,0,0,0,0,0,0,0,0,0,0,1,0,none,,0,none,,,0,0,0,none,,0,none,,1,middle,240,direction_change,0,Trend Shift,none,0,0,0,0,0,1,0,0,0,0,0,0,0,0,0,0
2021-01-21,-0.14306735687892722,0,0,0,0,0,0,0,0,0,0,0,0,0,0,0,0,0,1,0,none,,0,none,,,0,0,0,none,,0,none,,1,middle,240,direction_change,0,Trend Shift,none,0,0,0,0,0,1,0,0,0,0,0,0,0,0,0,0
2021-01-22,-0.02614302550225825,0,0,0,0,0,0,0,0,0,0,0,0,0,0,0,0,0,1,0,none,,0,none,,,0,0,0,none,,0,none,,1,middle,240,direction_change,0,Trend Shift,none,0,0,0,0,0,1,0,0,0,0,0,0,0,0,0,0
2021-01-23,-0.5253003635563798,0,0,0,0,0,0,0,0,0,0,0,0,0,0,0,0,0,1,0,none,,0,none,,,0,0,0,none,,0,none,,1,middle,240,direction_change,0,Trend Shift,none,0,0,0,0,0,1,0,0,0,0,0,0,0,0,0,0
2021-01-24,-1.0254531822183683,0,0,0,0,0,0,0,0,0,0,0,0,0,0,0,0,0,1,0,none,,0,none,,,0,0,0,none,,0,none,,1,middle,240,direction_change,0,Trend Shift,none,0,0,0,0,0,1,0,0,0,0,0,0,0,0,0,0
2021-01-25,-0.7651775122979921,0,0,0,0,0,0,0,0,0,0,0,0,0,0,0,0,0,1,0,none,,0,none,,,0,0,0,none,,0,none,,1,middle,240,direction_change,0,Trend Shift,none,0,0,0,0,0,1,0,0,0,0,0,0,0,0,0,0
2021-01-26,-0.40796478174946627,0,0,0,0,0,0,0,0,0,0,0,0,0,0,0,0,0,1,0,none,,0,none,,,0,0,0,none,,0,none,,1,middle,240,direction_change,0,Trend Shift,none,0,0,0,0,0,1,0,0,0,0,0,0,0,0,0,0
2021-01-27,-0.5337777940155004,0,0,0,0,0,0,0,0,0,0,0,0,0,0,0,0,0,1,0,none,,0,none,,,0,0,0,none,,0,none,,1,middle,240,direction_change,0,Trend Shift,none,0,0,0,0,0,1,0,0,0,0,0,0,0,0,0,0
2021-01-28,-0.5499468811011998,0,0,0,0,0,0,0,0,0,0,0,0,0,0,0,0,0,1,0,none,,0,none,,,0,0,0,none,,0,none,,1,middle,240,direction_change,0,Trend Shift,none,0,0,0,0,0,1,0,0,0,0,0,0,0,0,0,0
2021-01-29,-0.8916202115815475,0,0,0,0,0,0,0,0,0,0,0,0,0,0,0,0,0,1,0,none,,0,none,,,0,0,0,none,,0,none,,1,middle,240,direction_change,0,Trend Shift,none,0,0,0,0,0,1,0,0,0,0,0,0,0,0,0,0
2021-01-30,-0.46106519980152094,0,0,0,0,0,0,0,0,0,0,0,0,0,0,0,0,0,1,0,none,,0,none,,,0,0,0,none,,0,none,,1,middle,240,direction_change,0,Trend Shift,none,0,0,0,0,0,1,0,0,0,0,0,0,0,0,0,0
2021-01-31,-0.7748619098517526,0,0,0,0,0,0,0,0,0,0,0,0,0,0,0,0,0,1,0,none,,0,none,,,0,0,0,none,,0,none,,1,middle,240,direction_change,0,Trend Shift,none,0,0,0,0,0,1,0,0,0,0,0,0,0,0,0,0
2021-02-01,-0.4130302781422606,0,0,0,0,0,0,0,0,0,0,0,0,0,0,0,0,0,1,0,none,,0,none,,,0,0,0,none,,0,none,,1,middle,240,direction_change,0,Trend Shift,none,0,0,0,0,0,1,0,0,0,0,0,0,0,0,0,0
2021-02-02,-0.8491522991884338,0,0,0,0,0,0,0,0,0,0,0,0,0,0,0,0,0,1,0,none,,0,none,,,0,0,0,none,,0,none,,1,middle,240,direction_change,0,Trend Shift,none,0,0,0,0,0,1,0,0,0,0,0,0,0,0,0,0
2021-02-03,-0.28947748409134805,0,0,0,0,0,0,0,0,0,0,0,0,0,0,0,0,0,1,0,none,,0,none,,,0,0,0,none,,0,none,,1,middle,240,direction_change,0,Trend Shift,none,0,0,0,0,0,1,0,0,0,0,0,0,0,0,0,0
2021-02-04,-0.7919023602628533,0,0,0,0,0,0,0,0,0,0,0,0,0,0,0,0,0,1,0,none,,0,none,,,0,0,0,none,,0,none,,1,middle,240,direction_change,0,Trend Shift,none,0,0,0,0,0,1,0,0,0,0,0,0,0,0,0,0
2021-02-05,-0.8285850194103589,0,0,0,0,0,0,0,0,0,0,0,0,0,0,0,0,0,1,0,none,,0,none,,,0,0,0,none,,0,none,,1,middle,240,direction_change,0,Trend Shift,none,0,0,0,0,0,1,0,0,0,0,0,0,0,0,0,0
2021-02-06,-0.2291753063448666,0,0,0,0,0,0,0,0,0,0,0,0,0,0,0,0,0,1,0,none,,0,none,,,0,0,0,none,,0,none,,1,middle,240,direction_change,0,Trend Shift,none,0,0,0,0,0,1,0,0,0,0,0,0,0,0,0,0
2021-02-07,-1.187979581915738,0,0,0,0,0,0,0,0,0,0,0,0,0,0,0,0,0,1,0,none,,0,none,,,0,0,0,none,,0,none,,1,middle,240,direction_change,0,Trend Shift,none,0,0,0,0,0,1,0,0,0,0,0,0,0,0,0,0
2021-02-08,-0.3801668690065287,0,0,0,0,0,0,0,0,0,0,0,0,0,0,0,0,0,1,0,none,,0,none,,,0,0,0,none,,0,none,,1,middle,240,direction_change,0,Trend Shift,none,0,0,0,0,0,1,0,0,0,0,0,0,0,0,0,0
2021-02-09,-0.9126780009402796,0,0,0,0,0,0,0,0,0,0,0,0,0,0,0,0,0,1,0,none,,0,none,,,0,0,0,none,,0,none,,1,middle,240,direction_change,0,Trend Shift,none,0,0,0,0,0,1,0,0,0,0,0,0,0,0,0,0
2021-02-10,-0.6107218640099451,0,0,0,0,0,0,0,0,0,0,0,0,0,0,0,0,0,1,0,none,,0,none,,,0,0,0,none,,0,none,,1,middle,240,direction_change,0,Trend Shift,none,0,0,0,0,0,1,0,0,0,0,0,0,0,0,0,0
2021-02-11,-0.784723094462175,0,0,0,0,0,0,0,0,0,0,0,0,0,0,0,0,0,1,0,none,,0,none,,,0,0,0,none,,0,none,,1,middle,240,direction_change,0,Trend Shift,none,0,0,0,0,0,1,0,0,0,0,0,0,0,0,0,0
2021-02-12,-0.5756953247630417,0,0,0,0,0,0,0,0,0,0,0,0,0,0,0,0,0,1,0,none,,0,none,,,0,0,0,none,,0,none,,1,middle,240,direction_change,0,Trend Shift,none,0,0,0,0,0,1,0,0,0,0,0,0,0,0,0,0
2021-02-13,-0.8487737774310828,0,0,0,0,0,0,0,0,0,0,0,0,0,0,0,0,0,1,0,none,,0,none,,,0,0,0,none,,0,none,,1,middle,240,direction_change,0,Trend Shift,none,0,0,0,0,0,1,0,0,0,0,0,0,0,0,0,0
2021-02-14,-0.8261213205181616,0,0,0,0,0,0,0,0,0,0,0,0,0,0,0,0,0,1,0,none,,0,none,,,0,0,0,none,,0,none,,1,middle,240,direction_change,0,Trend Shift,none,0,0,0,0,0,1,0,0,0,0,0,0,0,0,0,0
2021-02-15,-1.049304511601373,0,0,0,0,0,0,0,0,0,0,0,0,0,0,0,0,0,1,0,none,,0,none,,,0,0,0,none,,0,none,,1,middle,240,direction_change,0,Trend Shift,none,0,0,0,0,0,1,0,0,0,0,0,0,0,0,0,0
2021-02-16,-0.8046084471860198,0,0,0,0,0,0,0,0,0,0,0,0,0,0,0,0,0,1,0,none,,0,none,,,0,0,0,none,,0,none,,1,middle,240,direction_change,0,Trend Shift,none,0,0,0,0,0,1,0,0,0,0,0,0,0,0,0,0
2021-02-17,-0.8128578829769664,0,0,0,0,0,0,0,0,0,0,0,0,0,0,0,0,0,1,0,none,,0,none,,,0,0,0,none,,0,none,,1,middle,240,direction_change,0,Trend Shift,none,0,0,0,0,0,1,0,0,0,0,0,0,0,0,0,0
2021-02-18,-0.8282066288447388,0,0,0,0,0,0,0,0,0,0,0,0,0,0,0,0,0,1,0,none,,0,none,,,0,0,0,none,,0,none,,1,middle,240,direction_change,0,Trend Shift,none,0,0,0,0,0,1,0,0,0,0,0,0,0,0,0,0
2021-02-19,-0.660532749147802,0,0,0,0,0,0,0,0,0,0,0,0,0,0,0,0,0,1,0,none,,0,none,,,0,0,0,none,,0,none,,1,middle,240,direction_change,0,Trend Shift,none,0,0,0,0,0,1,0,0,0,0,0,0,0,0,0,0
2021-02-20,-0.8359598213873407,0,0,0,0,0,0,0,0,0,0,0,0,0,0,0,0,0,1,0,none,,0,none,,,0,0,0,none,,0,none,,1,middle,240,direction_change,0,Trend Shift,none,0,0,0,0,0,1,0,0,0,0,0,0,0,0,0,0
2021-02-21,-0.8418423779379106,0,0,0,0,0,0,0,0,0,0,0,0,0,0,0,0,0,1,0,none,,0,none,,,0,0,0,none,,0,none,,1,middle,240,direction_change,0,Trend Shift,none,0,0,0,0,0,1,0,0,0,0,0,0,0,0,0,0
2021-02-22,-0.9923373329003918,0,0,0,0,0,0,0,0,0,0,0,0,0,0,0,0,0,1,0,none,,0,none,,,0,0,0,none,,0,none,,1,middle,240,direction_change,0,Trend Shift,none,0,0,0,0,0,1,0,0,0,0,0,0,0,0,0,0
2021-02-23,-0.7611922292094149,0,0,0,0,0,0,0,0,0,0,0,0,0,0,0,0,0,1,0,none,,0,none,,,0,0,0,none,,0,none,,1,middle,240,direction_change,0,Trend Shift,none,0,0,0,0,0,1,0,0,0,0,0,0,0,0,0,0
2021-02-24,-1.0976960846012658,0,0,0,0,0,0,0,0,0,0,0,0,0,0,0,0,0,1,0,none,,0,none,,,0,0,0,none,,0,none,,1,middle,240,direction_change,0,Trend Shift,none,0,0,0,0,0,1,0,0,0,0,0,0,0,0,0,0
2021-02-25,-0.9378711978316825,0,0,0,0,0,0,0,0,0,0,0,0,0,0,0,0,0,1,0,none,,0,none,,,0,0,0,none,,0,none,,1,middle,240,direction_change,0,Trend Shift,none,0,0,0,0,0,1,0,0,0,0,0,0,0,0,0,0
2021-02-26,-1.2106737771553882,0,0,0,0,0,0,0,0,0,0,0,0,0,0,0,0,0,1,0,none,,0,none,,,0,0,0,none,,0,none,,1,middle,240,direction_change,0,Trend Shift,none,0,0,0,0,0,1,0,0,0,0,0,0,0,0,0,0
2021-02-27,-0.9324922973728946,0,0,0,0,0,0,0,0,0,0,0,0,0,0,0,0,0,1,0,none,,0,none,,,0,0,0,none,,0,none,,1,middle,240,direction_change,0,Trend Shift,none,0,0,0,0,0,1,0,0,0,0,0,0,0,0,0,0
2021-02-28,-1.1756832857404809,0,0,0,0,0,0,0,0,0,0,0,0,0,0,0,0,0,1,0,none,,0,none,,,0,0,0,none,,0,none,,1,middle,240,direction_change,0,Trend Shift,none,0,0,0,0,0,1,0,0,0,0,0,0,0,0,0,0
2021-03-01,-0.7617270161828048,0,0,0,0,0,0,0,0,0,0,0,0,0,0,0,0,0,1,0,none,,0,none,,,0,0,0,none,,0,none,,1,middle,240,direction_change,0,Trend Shift,none,0,0,0,0,0,1,0,0,0,0,0,0,0,0,0,0
2021-03-02,-1.0765802637889785,0,0,0,0,0,0,0,0,0,0,0,0,0,0,0,0,0,1,0,none,,0,none,,,0,0,0,none,,0,none,,1,middle,240,direction_change,0,Trend Shift,none,0,0,0,0,0,1,0,0,0,0,0,0,0,0,0,0
2021-03-03,-0.9993823561619031,0,0,0,0,0,0,0,0,0,0,0,0,0,0,0,0,0,1,0,none,,0,none,,,0,0,0,none,,0,none,,1,middle,240,direction_change,0,Trend Shift,none,0,0,0,0,0,1,0,0,0,0,0,0,0,0,0,0
2021-03-04,-0.8817040835064276,0,0,0,0,0,0,0,0,0,0,0,0,0,0,0,0,0,1,0,none,,0,none,,,0,0,0,none,,0,none,,1,middle,240,direction_change,0,Trend Shift,none,0,0,0,0,0,1,0,0,0,0,0,0,0,0,0,0
2021-03-05,-0.4369870164573843,0,0,0,0,0,0,0,0,0,0,0,0,0,0,0,0,0,1,0,none,,0,none,,,0,0,0,none,,0,none,,1,middle,240,direction_change,0,Trend Shift,none,0,0,0,0,0,1,0,0,0,0,0,0,0,0,0,0
2021-03-06,-1.0817404826928578,0,0,0,0,0,0,0,0,0,0,0,0,0,0,0,0,0,1,0,none,,0,none,,,0,0,0,none,,0,none,,1,middle,240,direction_change,0,Trend Shift,none,0,0,0,0,0,1,0,0,0,0,0,0,0,0,0,0
2021-03-07,-1.1938809729532258,0,0,0,0,0,0,0,0,0,0,0,0,0,0,0,0,0,1,0,none,,0,none,,,0,0,0,none,,0,none,,1,middle,240,direction_change,0,Trend Shift,none,0,0,0,0,0,1,0,0,0,0,0,0,0,0,0,0
2021-03-08,-1.2624058368382327,0,0,0,0,0,0,0,0,0,0,0,0,0,0,0,0,0,1,0,none,,0,none,,,0,0,0,none,,0,none,,1,middle,240,direction_change,0,Trend Shift,none,0,0,0,0,0,1,0,0,0,0,0,0,0,0,0,0
2021-03-09,-1.2509602200152878,0,0,0,0,0,0,0,0,0,0,0,0,0,0,0,0,0,1,0,none,,0,none,,,0,0,0,none,,0,none,,1,middle,240,direction_change,0,Trend Shift,none,0,0,0,0,0,1,0,0,0,0,0,0,0,0,0,0
2021-03-10,-1.5636893903504785,0,0,0,0,0,0,0,0,0,0,0,0,0,0,0,0,0,1,0,none,,0,none,,,0,0,0,none,,0,none,,1,middle,240,direction_change,0,Trend Shift,none,0,0,0,0,0,1,0,0,0,0,0,0,0,0,0,0
2021-03-11,-1.3343793298801538,0,0,0,0,0,0,0,0,0,0,0,0,0,0,0,0,0,1,0,none,,0,none,,,0,0,0,none,,0,none,,1,middle,240,direction_change,0,Trend Shift,none,0,0,0,0,0,1,0,0,0,0,0,0,0,0,0,0
2021-03-12,-0.8666943063257974,0,0,0,0,0,0,0,0,0,0,0,0,0,0,0,0,0,1,0,none,,0,none,,,0,0,0,none,,0,none,,1,middle,240,direction_change,0,Trend Shift,none,0,0,0,0,0,1,0,0,0,0,0,0,0,0,0,0
2021-03-13,-1.4200645329963737,0,0,0,0,0,0,0,0,0,0,0,0,0,0,0,0,0,1,0,none,,0,none,,,0,0,0,none,,0,none,,1,middle,240,direction_change,0,Trend Shift,none,0,0,0,0,0,1,0,0,0,0,0,0,0,0,0,0
2021-03-14,-1.0231544386974196,0,0,0,0,0,0,0,0,0,0,0,0,0,0,0,0,0,1,0,none,,0,none,,,0,0,0,none,,0,none,,1,middle,240,direction_change,0,Trend Shift,none,0,0,0,0,0,1,0,0,0,0,0,0,0,0,0,0
2021-03-15,-1.18102143759179,0,0,0,0,0,0,0,0,0,0,0,0,0,0,0,0,0,1,0,none,,0,none,,,0,0,0,none,,0,none,,1,middle,240,direction_change,0,Trend Shift,none,0,0,0,0,0,1,0,0,0,0,0,0,0,0,0,0
2021-03-16,-1.3533493951801097,0,0,0,0,0,0,0,0,0,0,0,0,0,0,0,0,0,1,0,none,,0,none,,,0,0,0,none,,0,none,,1,middle,240,direction_change,0,Trend Shift,none,0,0,0,0,0,1,0,0,0,0,0,0,0,0,0,0
2021-03-17,-0.9593025432413748,0,0,0,0,0,0,0,0,0,0,0,0,0,0,0,0,0,1,0,none,,0,none,,,0,0,0,none,,0,none,,1,middle,240,direction_change,0,Trend Shift,none,0,0,0,0,0,1,0,0,0,0,0,0,0,0,0,0
2021-03-18,-1.3436827586278686,0,0,0,0,0,0,0,0,0,0,0,0,0,0,0,0,0,1,0,none,,0,none,,,0,0,0,none,,0,none,,1,middle,240,direction_change,0,Trend Shift,none,0,0,0,0,0,1,0,0,0,0,0,0,0,0,0,0
2021-03-19,-1.2820795970833272,0,0,0,0,0,0,0,0,0,0,0,0,0,0,0,0,0,1,0,none,,0,none,,,0,0,0,none,,0,none,,1,middle,240,direction_change,0,Trend Shift,none,0,0,0,0,0,1,0,0,0,0,0,0,0,0,0,0
2021-03-20,-1.3980569497993565,0,0,0,0,0,0,0,0,0,0,0,0,0,0,0,0,0,1,0,none,,0,none,,,0,0,0,none,,0,none,,1,middle,240,direction_change,0,Trend Shift,none,0,0,0,0,0,1,0,0,0,0,0,0,0,0,0,0
2021-03-21,-1.3553285588325368,0,0,0,0,0,0,0,0,0,0,0,0,0,0,0,0,0,1,0,none,,0,none,,,0,0,0,none,,0,none,,1,middle,240,direction_change,0,Trend Shift,none,0,0,0,0,0,1,0,0,0,0,0,0,0,0,0,0
2021-03-22,-1.106935172535041,0,0,0,0,0,0,0,0,0,0,0,0,0,0,0,0,0,1,0,none,,0,none,,,0,0,0,none,,0,none,,1,middle,240,direction_change,0,Trend Shift,none,0,0,0,0,0,1,0,0,0,0,0,0,0,0,0,0
2021-03-23,-1.538707569991218,0,0,0,0,0,0,0,0,0,0,0,0,0,0,0,0,0,1,0,none,,0,none,,,0,0,0,none,,0,none,,1,middle,240,direction_change,0,Trend Shift,none,0,0,0,0,0,1,0,0,0,0,0,0,0,0,0,0
2021-03-24,-1.3795284572092033,0,0,0,0,0,0,0,0,0,0,0,0,0,0,0,0,0,1,0,none,,0,none,,,0,0,0,none,,0,none,,1,middle,240,direction_change,0,Trend Shift,none,0,0,0,0,0,1,0,0,0,0,0,0,0,0,0,0
2021-03-25,-1.2620371576671994,0,0,0,0,0,0,0,0,0,0,0,0,0,0,0,0,0,1,0,none,,0,none,,,0,0,0,none,,0,none,,1,middle,240,direction_change,0,Trend Shift,none,0,0,0,0,0,1,0,0,0,0,0,0,0,0,0,0
2021-03-26,-1.406862107162161,0,0,0,0,0,0,0,0,0,0,0,0,0,0,0,0,0,1,0,none,,0,none,,,0,0,0,none,,0,none,,1,middle,240,direction_change,0,Trend Shift,none,0,0,0,0,0,1,0,0,0,0,0,0,0,0,0,0
2021-03-27,-1.7814417327325789,0,0,0,0,0,0,0,0,0,0,0,0,0,0,0,0,0,1,0,none,,0,none,,,0,0,0,none,,0,none,,1,middle,240,direction_change,0,Trend Shift,none,0,0,0,0,0,1,0,0,0,0,0,0,0,0,0,0
2021-03-28,-1.345925397110443,0,0,0,0,0,0,0,0,0,0,0,0,0,0,0,0,0,1,0,none,,0,none,,,0,0,0,none,,0,none,,1,middle,240,direction_change,0,Trend Shift,none,0,0,0,0,0,1,0,0,0,0,0,0,0,0,0,0
2021-03-29,-1.1468165612009655,0,0,0,0,0,0,0,0,0,0,0,0,0,0,0,0,0,1,0,none,,0,none,,,0,0,0,none,,0,none,,1,middle,240,direction_change,0,Trend Shift,none,0,0,0,0,0,1,0,0,0,0,0,0,0,0,0,0
2021-03-30,-1.4947785359166301,0,0,0,0,0,0,0,0,0,0,0,0,0,0,0,0,0,1,0,none,,0,none,,,0,0,0,none,,0,none,,1,middle,240,direction_change,0,Trend Shift,none,0,0,0,0,0,1,0,0,0,0,0,0,0,0,0,0
2021-03-31,-1.406410092302553,0,0,0,0,0,0,0,0,0,0,0,0,0,0,0,0,0,1,0,none,,0,none,,,0,0,0,none,,0,none,,1,middle,240,direction_change,0,Trend Shift,none,0,0,0,0,0,1,0,0,0,0,0,0,0,0,0,0
2021-04-01,-1.1395522893635666,0,0,0,0,0,0,0,0,0,0,0,0,0,0,0,0,0,1,0,none,,0,none,,,0,0,0,none,,0,none,,1,middle,240,direction_change,0,Trend Shift,none,0,0,0,0,0,1,0,0,0,0,0,0,0,0,0,0
2021-04-02,-1.4330158308453813,0,0,0,0,0,0,0,0,0,0,0,0,0,0,0,0,0,1,0,none,,0,none,,,0,0,0,none,,0,none,,1,middle,240,direction_change,0,Trend Shift,none,0,0,0,0,0,1,0,0,0,0,0,0,0,0,0,0
2021-04-03,-1.6640992416327114,0,0,0,0,0,0,0,0,0,0,0,0,0,0,0,0,0,1,0,none,,0,none,,,0,0,0,none,,0,none,,1,middle,240,direction_change,0,Trend Shift,none,0,0,0,0,0,1,0,0,0,0,0,0,0,0,0,0
2021-04-04,-1.575452801486148,0,0,0,0,0,0,0,0,0,0,0,0,0,0,0,0,0,1,0,none,,0,none,,,0,0,0,none,,0,none,,1,middle,240,direction_change,0,Trend Shift,none,0,0,0,0,0,1,0,0,0,0,0,0,0,0,0,0
2021-04-05,-1.4153486401440944,0,0,0,0,0,0,0,0,0,0,0,0,0,0,0,0,0,1,0,none,,0,none,,,0,0,0,none,,0,none,,1,middle,240,direction_change,0,Trend Shift,none,0,0,0,0,0,1,0,0,0,0,0,0,0,0,0,0
2021-04-06,-1.1418128312866889,0,0,0,0,0,0,0,0,0,0,0,0,0,0,0,0,0,1,0,none,,0,none,,,0,0,0,none,,0,none,,1,middle,240,direction_change,0,Trend Shift,none,0,0,0,0,0,1,0,0,0,0,0,0,0,0,0,0
2021-04-07,-1.4953130140689717,0,0,0,0,0,0,0,0,0,0,0,0,0,0,0,0,0,1,0,none,,0,none,,,0,0,0,none,,0,none,,1,middle,240,direction_change,0,Trend Shift,none,0,0,0,0,0,1,0,0,0,0,0,0,0,0,0,0
2021-04-08,-1.4400130595302174,0,0,0,0,0,0,0,0,0,0,0,0,0,0,0,0,0,1,0,none,,0,none,,,0,0,0,none,,0,none,,1,middle,240,direction_change,0,Trend Shift,none,0,0,0,0,0,1,0,0,0,0,0,0,0,0,0,0
2021-04-09,-1.258241699386309,0,0,0,0,0,0,0,0,0,0,0,0,0,0,0,0,0,1,0,none,,0,none,,,0,0,0,none,,0,none,,1,middle,240,direction_change,0,Trend Shift,none,0,0,0,0,0,1,0,0,0,0,0,0,0,0,0,0
2021-04-10,-1.506411447233362,0,0,0,0,0,0,0,0,0,0,0,0,0,0,0,0,0,1,0,none,,0,none,,,0,0,0,none,,0,none,,1,middle,240,direction_change,0,Trend Shift,none,0,0,0,0,0,1,0,0,0,0,0,0,0,0,0,0
