date,data,stationary,det_lin_up,det_lin_down,det_quad,det_cubic,det_exp,det_damped,stoc_trend,volatility,single_seas,multiple_seas,point_anom_single,point_anom_multi,collect_anom,context_anom,mean_shift,var_shift,trend_shift,point_anom_count,point_anom_location,point_anom_point,collect_anom_count,collect_anom_location,collect_anom_start,collect_anom_end,context_anom_start,context_anom_end,mean_shift_count,mean_shift_location,mean_shift_point,variance_shift_count,variance_shift_location,variance_shift_points,trend_shift_count,trend_shift_location,trend_shift_points,trend_shift_type,is_multi_characteristic,characteristic_1_type,characteristic_2_type,is_point_anomaly_active,is_collective_anomaly_active,is_contextual_anomaly_active,is_mean_shift_active,is_variance_shift_active,is_trend_shift_active,is_linear_trend_active,is_quadratic_trend_active,is_cubic_trend_active,is_exponential_trend_active,is_damped_trend_active,is_single_seasonality_active,is_multiple_seasonality_active,is_seasonal_base_active,is_stochastic_base_active,is_volatility_base_active
2020-01-01,1.019980407289935,0,0,0,0,0,0,0,0,0,0,0,0,0,0,0,0,0,1,0,none,,0,none,,,0,0,0,none,,0,none,,1,beginning,164,direction_and_magnitude_change,0,Trend Shift,none,0,0,0,0,0,1,0,0,0,0,0,0,0,0,0,0
2020-01-02,1.0229412291811344,0,0,0,0,0,0,0,0,0,0,0,0,0,0,0,0,0,1,0,none,,0,none,,,0,0,0,none,,0,none,,1,beginning,164,direction_and_magnitude_change,0,Trend Shift,none,0,0,0,0,0,1,0,0,0,0,0,0,0,0,0,0
2020-01-03,1.0206348196820005,0,0,0,0,0,0,0,0,0,0,0,0,0,0,0,0,0,1,0,none,,0,none,,,0,0,0,none,,0,none,,1,beginning,164,direction_and_magnitude_change,0,Trend Shift,none,0,0,0,0,0,1,0,0,0,0,0,0,0,0,0,0
2020-01-04,1.028455048681797,0,0,0,0,0,0,0,0,0,0,0,0,0,0,0,0,0,1,0,none,,0,none,,,0,0,0,none,,0,none,,1,beginning,164,direction_and_magnitude_change,0,Trend Shift,none,0,0,0,0,0,1,0,0,0,0,0,0,0,0,0,0
2020-01-05,1.026875346140749,0,0,0,0,0,0,0,0,0,0,0,0,0,0,0,0,0,1,0,none,,0,none,,,0,0,0,none,,0,none,,1,beginning,164,direction_and_magnitude_change,0,Trend Shift,none,0,0,0,0,0,1,0,0,0,0,0,0,0,0,0,0
2020-01-06,1.0336004354070853,0,0,0,0,0,0,0,0,0,0,0,0,0,0,0,0,0,1,0,none,,0,none,,,0,0,0,none,,0,none,,1,beginning,164,direction_and_magnitude_change,0,Trend Shift,none,0,0,0,0,0,1,0,0,0,0,0,0,0,0,0,0
2020-01-07,1.0281128466769125,0,0,0,0,0,0,0,0,0,0,0,0,0,0,0,0,0,1,0,none,,0,none,,,0,0,0,none,,0,none,,1,beginning,164,direction_and_magnitude_change,0,Trend Shift,none,0,0,0,0,0,1,0,0,0,0,0,0,0,0,0,0
2020-01-08,1.0308092568111236,0,0,0,0,0,0,0,0,0,0,0,0,0,0,0,0,0,1,0,none,,0,none,,,0,0,0,none,,0,none,,1,beginning,164,direction_and_magnitude_change,0,Trend Shift,none,0,0,0,0,0,1,0,0,0,0,0,0,0,0,0,0
2020-01-09,1.0386384362508994,0,0,0,0,0,0,0,0,0,0,0,0,0,0,0,0,0,1,0,none,,0,none,,,0,0,0,none,,0,none,,1,beginning,164,direction_and_magnitude_change,0,Trend Shift,none,0,0,0,0,0,1,0,0,0,0,0,0,0,0,0,0
2020-01-10,1.0456947130380063,0,0,0,0,0,0,0,0,0,0,0,0,0,0,0,0,0,1,0,none,,0,none,,,0,0,0,none,,0,none,,1,beginning,164,direction_and_magnitude_change,0,Trend Shift,none,0,0,0,0,0,1,0,0,0,0,0,0,0,0,0,0
2020-01-11,1.0364443361770217,0,0,0,0,0,0,0,0,0,0,0,0,0,0,0,0,0,1,0,none,,0,none,,,0,0,0,none,,0,none,,1,beginning,164,direction_and_magnitude_change,0,Trend Shift,none,0,0,0,0,0,1,0,0,0,0,0,0,0,0,0,0
2020-01-12,1.0364937636646503,0,0,0,0,0,0,0,0,0,0,0,0,0,0,0,0,0,1,0,none,,0,none,,,0,0,0,none,,0,none,,1,beginning,164,direction_and_magnitude_change,0,Trend Shift,none,0,0,0,0,0,1,0,0,0,0,0,0,0,0,0,0
2020-01-13,1.0458217848101552,0,0,0,0,0,0,0,0,0,0,0,0,0,0,0,0,0,1,0,none,,0,none,,,0,0,0,none,,0,none,,1,beginning,164,direction_and_magnitude_change,0,Trend Shift,none,0,0,0,0,0,1,0,0,0,0,0,0,0,0,0,0
2020-01-14,1.0408191112166725,0,0,0,0,0,0,0,0,0,0,0,0,0,0,0,0,0,1,0,none,,0,none,,,0,0,0,none,,0,none,,1,beginning,164,direction_and_magnitude_change,0,Trend Shift,none,0,0,0,0,0,1,0,0,0,0,0,0,0,0,0,0
2020-01-15,1.0529277264442651,0,0,0,0,0,0,0,0,0,0,0,0,0,0,0,0,0,1,0,none,,0,none,,,0,0,0,none,,0,none,,1,beginning,164,direction_and_magnitude_change,0,Trend Shift,none,0,0,0,0,0,1,0,0,0,0,0,0,0,0,0,0
2020-01-16,1.0428357651633284,0,0,0,0,0,0,0,0,0,0,0,0,0,0,0,0,0,1,0,none,,0,none,,,0,0,0,none,,0,none,,1,beginning,164,direction_and_magnitude_change,0,Trend Shift,none,0,0,0,0,0,1,0,0,0,0,0,0,0,0,0,0
2020-01-17,1.0484970625686971,0,0,0,0,0,0,0,0,0,0,0,0,0,0,0,0,0,1,0,none,,0,none,,,0,0,0,none,,0,none,,1,beginning,164,direction_and_magnitude_change,0,Trend Shift,none,0,0,0,0,0,1,0,0,0,0,0,0,0,0,0,0
2020-01-18,1.0450745996563193,0,0,0,0,0,0,0,0,0,0,0,0,0,0,0,0,0,1,0,none,,0,none,,,0,0,0,none,,0,none,,1,beginning,164,direction_and_magnitude_change,0,Trend Shift,none,0,0,0,0,0,1,0,0,0,0,0,0,0,0,0,0
2020-01-19,1.0541997220303774,0,0,0,0,0,0,0,0,0,0,0,0,0,0,0,0,0,1,0,none,,0,none,,,0,0,0,none,,0,none,,1,beginning,164,direction_and_magnitude_change,0,Trend Shift,none,0,0,0,0,0,1,0,0,0,0,0,0,0,0,0,0
2020-01-20,1.055722216107614,0,0,0,0,0,0,0,0,0,0,0,0,0,0,0,0,0,1,0,none,,0,none,,,0,0,0,none,,0,none,,1,beginning,164,direction_and_magnitude_change,0,Trend Shift,none,0,0,0,0,0,1,0,0,0,0,0,0,0,0,0,0
2020-01-21,1.0528733235151533,0,0,0,0,0,0,0,0,0,0,0,0,0,0,0,0,0,1,0,none,,0,none,,,0,0,0,none,,0,none,,1,beginning,164,direction_and_magnitude_change,0,Trend Shift,none,0,0,0,0,0,1,0,0,0,0,0,0,0,0,0,0
2020-01-22,1.0533255914212927,0,0,0,0,0,0,0,0,0,0,0,0,0,0,0,0,0,1,0,none,,0,none,,,0,0,0,none,,0,none,,1,beginning,164,direction_and_magnitude_change,0,Trend Shift,none,0,0,0,0,0,1,0,0,0,0,0,0,0,0,0,0
2020-01-23,1.0529318183076533,0,0,0,0,0,0,0,0,0,0,0,0,0,0,0,0,0,1,0,none,,0,none,,,0,0,0,none,,0,none,,1,beginning,164,direction_and_magnitude_change,0,Trend Shift,none,0,0,0,0,0,1,0,0,0,0,0,0,0,0,0,0
2020-01-24,1.0577715474772693,0,0,0,0,0,0,0,0,0,0,0,0,0,0,0,0,0,1,0,none,,0,none,,,0,0,0,none,,0,none,,1,beginning,164,direction_and_magnitude_change,0,Trend Shift,none,0,0,0,0,0,1,0,0,0,0,0,0,0,0,0,0
2020-01-25,1.0539584118906429,0,0,0,0,0,0,0,0,0,0,0,0,0,0,0,0,0,1,0,none,,0,none,,,0,0,0,none,,0,none,,1,beginning,164,direction_and_magnitude_change,0,Trend Shift,none,0,0,0,0,0,1,0,0,0,0,0,0,0,0,0,0
2020-01-26,1.0586837751043323,0,0,0,0,0,0,0,0,0,0,0,0,0,0,0,0,0,1,0,none,,0,none,,,0,0,0,none,,0,none,,1,beginning,164,direction_and_magnitude_change,0,Trend Shift,none,0,0,0,0,0,1,0,0,0,0,0,0,0,0,0,0
2020-01-27,1.055152858407956,0,0,0,0,0,0,0,0,0,0,0,0,0,0,0,0,0,1,0,none,,0,none,,,0,0,0,none,,0,none,,1,beginning,164,direction_and_magnitude_change,0,Trend Shift,none,0,0,0,0,0,1,0,0,0,0,0,0,0,0,0,0
2020-01-28,1.0567729559278214,0,0,0,0,0,0,0,0,0,0,0,0,0,0,0,0,0,1,0,none,,0,none,,,0,0,0,none,,0,none,,1,beginning,164,direction_and_magnitude_change,0,Trend Shift,none,0,0,0,0,0,1,0,0,0,0,0,0,0,0,0,0
2020-01-29,1.0578358889536945,0,0,0,0,0,0,0,0,0,0,0,0,0,0,0,0,0,1,0,none,,0,none,,,0,0,0,none,,0,none,,1,beginning,164,direction_and_magnitude_change,0,Trend Shift,none,0,0,0,0,0,1,0,0,0,0,0,0,0,0,0,0
2020-01-30,1.0595959516438334,0,0,0,0,0,0,0,0,0,0,0,0,0,0,0,0,0,1,0,none,,0,none,,,0,0,0,none,,0,none,,1,beginning,164,direction_and_magnitude_change,0,Trend Shift,none,0,0,0,0,0,1,0,0,0,0,0,0,0,0,0,0
2020-01-31,1.0650374699762817,0,0,0,0,0,0,0,0,0,0,0,0,0,0,0,0,0,1,0,none,,0,none,,,0,0,0,none,,0,none,,1,beginning,164,direction_and_magnitude_change,0,Trend Shift,none,0,0,0,0,0,1,0,0,0,0,0,0,0,0,0,0
2020-02-01,1.0668998909922571,0,0,0,0,0,0,0,0,0,0,0,0,0,0,0,0,0,1,0,none,,0,none,,,0,0,0,none,,0,none,,1,beginning,164,direction_and_magnitude_change,0,Trend Shift,none,0,0,0,0,0,1,0,0,0,0,0,0,0,0,0,0
2020-02-02,1.0685613441816735,0,0,0,0,0,0,0,0,0,0,0,0,0,0,0,0,0,1,0,none,,0,none,,,0,0,0,none,,0,none,,1,beginning,164,direction_and_magnitude_change,0,Trend Shift,none,0,0,0,0,0,1,0,0,0,0,0,0,0,0,0,0
2020-02-03,1.0644940308000939,0,0,0,0,0,0,0,0,0,0,0,0,0,0,0,0,0,1,0,none,,0,none,,,0,0,0,none,,0,none,,1,beginning,164,direction_and_magnitude_change,0,Trend Shift,none,0,0,0,0,0,1,0,0,0,0,0,0,0,0,0,0
2020-02-04,1.0700118485445596,0,0,0,0,0,0,0,0,0,0,0,0,0,0,0,0,0,1,0,none,,0,none,,,0,0,0,none,,0,none,,1,beginning,164,direction_and_magnitude_change,0,Trend Shift,none,0,0,0,0,0,1,0,0,0,0,0,0,0,0,0,0
2020-02-05,1.0773881902904385,0,0,0,0,0,0,0,0,0,0,0,0,0,0,0,0,0,1,0,none,,0,none,,,0,0,0,none,,0,none,,1,beginning,164,direction_and_magnitude_change,0,Trend Shift,none,0,0,0,0,0,1,0,0,0,0,0,0,0,0,0,0
2020-02-06,1.068264736689006,0,0,0,0,0,0,0,0,0,0,0,0,0,0,0,0,0,1,0,none,,0,none,,,0,0,0,none,,0,none,,1,beginning,164,direction_and_magnitude_change,0,Trend Shift,none,0,0,0,0,0,1,0,0,0,0,0,0,0,0,0,0
2020-02-07,1.074027905000486,0,0,0,0,0,0,0,0,0,0,0,0,0,0,0,0,0,1,0,none,,0,none,,,0,0,0,none,,0,none,,1,beginning,164,direction_and_magnitude_change,0,Trend Shift,none,0,0,0,0,0,1,0,0,0,0,0,0,0,0,0,0
2020-02-08,1.0761573517251455,0,0,0,0,0,0,0,0,0,0,0,0,0,0,0,0,0,1,0,none,,0,none,,,0,0,0,none,,0,none,,1,beginning,164,direction_and_magnitude_change,0,Trend Shift,none,0,0,0,0,0,1,0,0,0,0,0,0,0,0,0,0
2020-02-09,1.0764427849766305,0,0,0,0,0,0,0,0,0,0,0,0,0,0,0,0,0,1,0,none,,0,none,,,0,0,0,none,,0,none,,1,beginning,164,direction_and_magnitude_change,0,Trend Shift,none,0,0,0,0,0,1,0,0,0,0,0,0,0,0,0,0
2020-02-10,1.0821542776129383,0,0,0,0,0,0,0,0,0,0,0,0,0,0,0,0,0,1,0,none,,0,none,,,0,0,0,none,,0,none,,1,beginning,164,direction_and_magnitude_change,0,Trend Shift,none,0,0,0,0,0,1,0,0,0,0,0,0,0,0,0,0
2020-02-11,1.0836573529756621,0,0,0,0,0,0,0,0,0,0,0,0,0,0,0,0,0,1,0,none,,0,none,,,0,0,0,none,,0,none,,1,beginning,164,direction_and_magnitude_change,0,Trend Shift,none,0,0,0,0,0,1,0,0,0,0,0,0,0,0,0,0
2020-02-12,1.082790055077419,0,0,0,0,0,0,0,0,0,0,0,0,0,0,0,0,0,1,0,none,,0,none,,,0,0,0,none,,0,none,,1,beginning,164,direction_and_magnitude_change,0,Trend Shift,none,0,0,0,0,0,1,0,0,0,0,0,0,0,0,0,0
2020-02-13,1.0798653656864585,0,0,0,0,0,0,0,0,0,0,0,0,0,0,0,0,0,1,0,none,,0,none,,,0,0,0,none,,0,none,,1,beginning,164,direction_and_magnitude_change,0,Trend Shift,none,0,0,0,0,0,1,0,0,0,0,0,0,0,0,0,0
2020-02-14,1.0945074643029875,0,0,0,0,0,0,0,0,0,0,0,0,0,0,0,0,0,1,0,none,,0,none,,,0,0,0,none,,0,none,,1,beginning,164,direction_and_magnitude_change,0,Trend Shift,none,0,0,0,0,0,1,0,0,0,0,0,0,0,0,0,0
2020-02-15,1.0808252518345762,0,0,0,0,0,0,0,0,0,0,0,0,0,0,0,0,0,1,0,none,,0,none,,,0,0,0,none,,0,none,,1,beginning,164,direction_and_magnitude_change,0,Trend Shift,none,0,0,0,0,0,1,0,0,0,0,0,0,0,0,0,0
2020-02-16,1.081000452843631,0,0,0,0,0,0,0,0,0,0,0,0,0,0,0,0,0,1,0,none,,0,none,,,0,0,0,none,,0,none,,1,beginning,164,direction_and_magnitude_change,0,Trend Shift,none,0,0,0,0,0,1,0,0,0,0,0,0,0,0,0,0
2020-02-17,1.0857995657797306,0,0,0,0,0,0,0,0,0,0,0,0,0,0,0,0,0,1,0,none,,0,none,,,0,0,0,none,,0,none,,1,beginning,164,direction_and_magnitude_change,0,Trend Shift,none,0,0,0,0,0,1,0,0,0,0,0,0,0,0,0,0
2020-02-18,1.093269385227103,0,0,0,0,0,0,0,0,0,0,0,0,0,0,0,0,0,1,0,none,,0,none,,,0,0,0,none,,0,none,,1,beginning,164,direction_and_magnitude_change,0,Trend Shift,none,0,0,0,0,0,1,0,0,0,0,0,0,0,0,0,0
2020-02-19,1.0892475980854273,0,0,0,0,0,0,0,0,0,0,0,0,0,0,0,0,0,1,0,none,,0,none,,,0,0,0,none,,0,none,,1,beginning,164,direction_and_magnitude_change,0,Trend Shift,none,0,0,0,0,0,1,0,0,0,0,0,0,0,0,0,0
2020-02-20,1.0951717672731507,0,0,0,0,0,0,0,0,0,0,0,0,0,0,0,0,0,1,0,none,,0,none,,,0,0,0,none,,0,none,,1,beginning,164,direction_and_magnitude_change,0,Trend Shift,none,0,0,0,0,0,1,0,0,0,0,0,0,0,0,0,0
2020-02-21,1.0966337274857008,0,0,0,0,0,0,0,0,0,0,0,0,0,0,0,0,0,1,0,none,,0,none,,,0,0,0,none,,0,none,,1,beginning,164,direction_and_magnitude_change,0,Trend Shift,none,0,0,0,0,0,1,0,0,0,0,0,0,0,0,0,0
2020-02-22,1.097120067444862,0,0,0,0,0,0,0,0,0,0,0,0,0,0,0,0,0,1,0,none,,0,none,,,0,0,0,none,,0,none,,1,beginning,164,direction_and_magnitude_change,0,Trend Shift,none,0,0,0,0,0,1,0,0,0,0,0,0,0,0,0,0
2020-02-23,1.0966018662026844,0,0,0,0,0,0,0,0,0,0,0,0,0,0,0,0,0,1,0,none,,0,none,,,0,0,0,none,,0,none,,1,beginning,164,direction_and_magnitude_change,0,Trend Shift,none,0,0,0,0,0,1,0,0,0,0,0,0,0,0,0,0
2020-02-24,1.1040700512258408,0,0,0,0,0,0,0,0,0,0,0,0,0,0,0,0,0,1,0,none,,0,none,,,0,0,0,none,,0,none,,1,beginning,164,direction_and_magnitude_change,0,Trend Shift,none,0,0,0,0,0,1,0,0,0,0,0,0,0,0,0,0
2020-02-25,1.1002937576563663,0,0,0,0,0,0,0,0,0,0,0,0,0,0,0,0,0,1,0,none,,0,none,,,0,0,0,none,,0,none,,1,beginning,164,direction_and_magnitude_change,0,Trend Shift,none,0,0,0,0,0,1,0,0,0,0,0,0,0,0,0,0
2020-02-26,1.0995415682324,0,0,0,0,0,0,0,0,0,0,0,0,0,0,0,0,0,1,0,none,,0,none,,,0,0,0,none,,0,none,,1,beginning,164,direction_and_magnitude_change,0,Trend Shift,none,0,0,0,0,0,1,0,0,0,0,0,0,0,0,0,0
2020-02-27,1.099448449431783,0,0,0,0,0,0,0,0,0,0,0,0,0,0,0,0,0,1,0,none,,0,none,,,0,0,0,none,,0,none,,1,beginning,164,direction_and_magnitude_change,0,Trend Shift,none,0,0,0,0,0,1,0,0,0,0,0,0,0,0,0,0
2020-02-28,1.105203038557544,0,0,0,0,0,0,0,0,0,0,0,0,0,0,0,0,0,1,0,none,,0,none,,,0,0,0,none,,0,none,,1,beginning,164,direction_and_magnitude_change,0,Trend Shift,none,0,0,0,0,0,1,0,0,0,0,0,0,0,0,0,0
2020-02-29,1.1029948604439774,0,0,0,0,0,0,0,0,0,0,0,0,0,0,0,0,0,1,0,none,,0,none,,,0,0,0,none,,0,none,,1,beginning,164,direction_and_magnitude_change,0,Trend Shift,none,0,0,0,0,0,1,0,0,0,0,0,0,0,0,0,0
2020-03-01,1.1043646616327463,0,0,0,0,0,0,0,0,0,0,0,0,0,0,0,0,0,1,0,none,,0,none,,,0,0,0,none,,0,none,,1,beginning,164,direction_and_magnitude_change,0,Trend Shift,none,0,0,0,0,0,1,0,0,0,0,0,0,0,0,0,0
2020-03-02,1.1079490548615667,0,0,0,0,0,0,0,0,0,0,0,0,0,0,0,0,0,1,0,none,,0,none,,,0,0,0,none,,0,none,,1,beginning,164,direction_and_magnitude_change,0,Trend Shift,none,0,0,0,0,0,1,0,0,0,0,0,0,0,0,0,0
2020-03-03,1.1139175860070871,0,0,0,0,0,0,0,0,0,0,0,0,0,0,0,0,0,1,0,none,,0,none,,,0,0,0,none,,0,none,,1,beginning,164,direction_and_magnitude_change,0,Trend Shift,none,0,0,0,0,0,1,0,0,0,0,0,0,0,0,0,0
2020-03-04,1.1112965844773246,0,0,0,0,0,0,0,0,0,0,0,0,0,0,0,0,0,1,0,none,,0,none,,,0,0,0,none,,0,none,,1,beginning,164,direction_and_magnitude_change,0,Trend Shift,none,0,0,0,0,0,1,0,0,0,0,0,0,0,0,0,0
2020-03-05,1.109639366119868,0,0,0,0,0,0,0,0,0,0,0,0,0,0,0,0,0,1,0,none,,0,none,,,0,0,0,none,,0,none,,1,beginning,164,direction_and_magnitude_change,0,Trend Shift,none,0,0,0,0,0,1,0,0,0,0,0,0,0,0,0,0
2020-03-06,1.1199471412507918,0,0,0,0,0,0,0,0,0,0,0,0,0,0,0,0,0,1,0,none,,0,none,,,0,0,0,none,,0,none,,1,beginning,164,direction_and_magnitude_change,0,Trend Shift,none,0,0,0,0,0,1,0,0,0,0,0,0,0,0,0,0
2020-03-07,1.12290379145008,0,0,0,0,0,0,0,0,0,0,0,0,0,0,0,0,0,1,0,none,,0,none,,,0,0,0,none,,0,none,,1,beginning,164,direction_and_magnitude_change,0,Trend Shift,none,0,0,0,0,0,1,0,0,0,0,0,0,0,0,0,0
2020-03-08,1.116974939913088,0,0,0,0,0,0,0,0,0,0,0,0,0,0,0,0,0,1,0,none,,0,none,,,0,0,0,none,,0,none,,1,beginning,164,direction_and_magnitude_change,0,Trend Shift,none,0,0,0,0,0,1,0,0,0,0,0,0,0,0,0,0
2020-03-09,1.1120944278332419,0,0,0,0,0,0,0,0,0,0,0,0,0,0,0,0,0,1,0,none,,0,none,,,0,0,0,none,,0,none,,1,beginning,164,direction_and_magnitude_change,0,Trend Shift,none,0,0,0,0,0,1,0,0,0,0,0,0,0,0,0,0
2020-03-10,1.1249594188995278,0,0,0,0,0,0,0,0,0,0,0,0,0,0,0,0,0,1,0,none,,0,none,,,0,0,0,none,,0,none,,1,beginning,164,direction_and_magnitude_change,0,Trend Shift,none,0,0,0,0,0,1,0,0,0,0,0,0,0,0,0,0
2020-03-11,1.1213968678447959,0,0,0,0,0,0,0,0,0,0,0,0,0,0,0,0,0,1,0,none,,0,none,,,0,0,0,none,,0,none,,1,beginning,164,direction_and_magnitude_change,0,Trend Shift,none,0,0,0,0,0,1,0,0,0,0,0,0,0,0,0,0
2020-03-12,1.1175620341642614,0,0,0,0,0,0,0,0,0,0,0,0,0,0,0,0,0,1,0,none,,0,none,,,0,0,0,none,,0,none,,1,beginning,164,direction_and_magnitude_change,0,Trend Shift,none,0,0,0,0,0,1,0,0,0,0,0,0,0,0,0,0
2020-03-13,1.1226323642794673,0,0,0,0,0,0,0,0,0,0,0,0,0,0,0,0,0,1,0,none,,0,none,,,0,0,0,none,,0,none,,1,beginning,164,direction_and_magnitude_change,0,Trend Shift,none,0,0,0,0,0,1,0,0,0,0,0,0,0,0,0,0
2020-03-14,1.131485692198819,0,0,0,0,0,0,0,0,0,0,0,0,0,0,0,0,0,1,0,none,,0,none,,,0,0,0,none,,0,none,,1,beginning,164,direction_and_magnitude_change,0,Trend Shift,none,0,0,0,0,0,1,0,0,0,0,0,0,0,0,0,0
2020-03-15,1.1247076544444212,0,0,0,0,0,0,0,0,0,0,0,0,0,0,0,0,0,1,0,none,,0,none,,,0,0,0,none,,0,none,,1,beginning,164,direction_and_magnitude_change,0,Trend Shift,none,0,0,0,0,0,1,0,0,0,0,0,0,0,0,0,0
2020-03-16,1.1272309987452673,0,0,0,0,0,0,0,0,0,0,0,0,0,0,0,0,0,1,0,none,,0,none,,,0,0,0,none,,0,none,,1,beginning,164,direction_and_magnitude_change,0,Trend Shift,none,0,0,0,0,0,1,0,0,0,0,0,0,0,0,0,0
2020-03-17,1.126698633812165,0,0,0,0,0,0,0,0,0,0,0,0,0,0,0,0,0,1,0,none,,0,none,,,0,0,0,none,,0,none,,1,beginning,164,direction_and_magnitude_change,0,Trend Shift,none,0,0,0,0,0,1,0,0,0,0,0,0,0,0,0,0
2020-03-18,1.1259702739918391,0,0,0,0,0,0,0,0,0,0,0,0,0,0,0,0,0,1,0,none,,0,none,,,0,0,0,none,,0,none,,1,beginning,164,direction_and_magnitude_change,0,Trend Shift,none,0,0,0,0,0,1,0,0,0,0,0,0,0,0,0,0
2020-03-19,1.12988761196555,0,0,0,0,0,0,0,0,0,0,0,0,0,0,0,0,0,1,0,none,,0,none,,,0,0,0,none,,0,none,,1,beginning,164,direction_and_magnitude_change,0,Trend Shift,none,0,0,0,0,0,1,0,0,0,0,0,0,0,0,0,0
2020-03-20,1.130306664655528,0,0,0,0,0,0,0,0,0,0,0,0,0,0,0,0,0,1,0,none,,0,none,,,0,0,0,none,,0,none,,1,beginning,164,direction_and_magnitude_change,0,Trend Shift,none,0,0,0,0,0,1,0,0,0,0,0,0,0,0,0,0
2020-03-21,1.1375861508493899,0,0,0,0,0,0,0,0,0,0,0,0,0,0,0,0,0,1,0,none,,0,none,,,0,0,0,none,,0,none,,1,beginning,164,direction_and_magnitude_change,0,Trend Shift,none,0,0,0,0,0,1,0,0,0,0,0,0,0,0,0,0
2020-03-22,1.1323847307480632,0,0,0,0,0,0,0,0,0,0,0,0,0,0,0,0,0,1,0,none,,0,none,,,0,0,0,none,,0,none,,1,beginning,164,direction_and_magnitude_change,0,Trend Shift,none,0,0,0,0,0,1,0,0,0,0,0,0,0,0,0,0
2020-03-23,1.1420876970113005,0,0,0,0,0,0,0,0,0,0,0,0,0,0,0,0,0,1,0,none,,0,none,,,0,0,0,none,,0,none,,1,beginning,164,direction_and_magnitude_change,0,Trend Shift,none,0,0,0,0,0,1,0,0,0,0,0,0,0,0,0,0
2020-03-24,1.1344479359201143,0,0,0,0,0,0,0,0,0,0,0,0,0,0,0,0,0,1,0,none,,0,none,,,0,0,0,none,,0,none,,1,beginning,164,direction_and_magnitude_change,0,Trend Shift,none,0,0,0,0,0,1,0,0,0,0,0,0,0,0,0,0
2020-03-25,1.1391096128189853,0,0,0,0,0,0,0,0,0,0,0,0,0,0,0,0,0,1,0,none,,0,none,,,0,0,0,none,,0,none,,1,beginning,164,direction_and_magnitude_change,0,Trend Shift,none,0,0,0,0,0,1,0,0,0,0,0,0,0,0,0,0
2020-03-26,1.1383644061922116,0,0,0,0,0,0,0,0,0,0,0,0,0,0,0,0,0,1,0,none,,0,none,,,0,0,0,none,,0,none,,1,beginning,164,direction_and_magnitude_change,0,Trend Shift,none,0,0,0,0,0,1,0,0,0,0,0,0,0,0,0,0
2020-03-27,1.1498607276306625,0,0,0,0,0,0,0,0,0,0,0,0,0,0,0,0,0,1,0,none,,0,none,,,0,0,0,none,,0,none,,1,beginning,164,direction_and_magnitude_change,0,Trend Shift,none,0,0,0,0,0,1,0,0,0,0,0,0,0,0,0,0
2020-03-28,1.1431829772720263,0,0,0,0,0,0,0,0,0,0,0,0,0,0,0,0,0,1,0,none,,0,none,,,0,0,0,none,,0,none,,1,beginning,164,direction_and_magnitude_change,0,Trend Shift,none,0,0,0,0,0,1,0,0,0,0,0,0,0,0,0,0
2020-03-29,1.1523084255166818,0,0,0,0,0,0,0,0,0,0,0,0,0,0,0,0,0,1,0,none,,0,none,,,0,0,0,none,,0,none,,1,beginning,164,direction_and_magnitude_change,0,Trend Shift,none,0,0,0,0,0,1,0,0,0,0,0,0,0,0,0,0
2020-03-30,1.1465356477469717,0,0,0,0,0,0,0,0,0,0,0,0,0,0,0,0,0,1,0,none,,0,none,,,0,0,0,none,,0,none,,1,beginning,164,direction_and_magnitude_change,0,Trend Shift,none,0,0,0,0,0,1,0,0,0,0,0,0,0,0,0,0
2020-03-31,1.1505059589707278,0,0,0,0,0,0,0,0,0,0,0,0,0,0,0,0,0,1,0,none,,0,none,,,0,0,0,none,,0,none,,1,beginning,164,direction_and_magnitude_change,0,Trend Shift,none,0,0,0,0,0,1,0,0,0,0,0,0,0,0,0,0
2020-04-01,1.1507425212843263,0,0,0,0,0,0,0,0,0,0,0,0,0,0,0,0,0,1,0,none,,0,none,,,0,0,0,none,,0,none,,1,beginning,164,direction_and_magnitude_change,0,Trend Shift,none,0,0,0,0,0,1,0,0,0,0,0,0,0,0,0,0
2020-04-02,1.1526099902646396,0,0,0,0,0,0,0,0,0,0,0,0,0,0,0,0,0,1,0,none,,0,none,,,0,0,0,none,,0,none,,1,beginning,164,direction_and_magnitude_change,0,Trend Shift,none,0,0,0,0,0,1,0,0,0,0,0,0,0,0,0,0
2020-04-03,1.1515361342464503,0,0,0,0,0,0,0,0,0,0,0,0,0,0,0,0,0,1,0,none,,0,none,,,0,0,0,none,,0,none,,1,beginning,164,direction_and_magnitude_change,0,Trend Shift,none,0,0,0,0,0,1,0,0,0,0,0,0,0,0,0,0
2020-04-04,1.1568195280179687,0,0,0,0,0,0,0,0,0,0,0,0,0,0,0,0,0,1,0,none,,0,none,,,0,0,0,none,,0,none,,1,beginning,164,direction_and_magnitude_change,0,Trend Shift,none,0,0,0,0,0,1,0,0,0,0,0,0,0,0,0,0
2020-04-05,1.1481942392789795,0,0,0,0,0,0,0,0,0,0,0,0,0,0,0,0,0,1,0,none,,0,none,,,0,0,0,none,,0,none,,1,beginning,164,direction_and_magnitude_change,0,Trend Shift,none,0,0,0,0,0,1,0,0,0,0,0,0,0,0,0,0
2020-04-06,1.1558671647009935,0,0,0,0,0,0,0,0,0,0,0,0,0,0,0,0,0,1,0,none,,0,none,,,0,0,0,none,,0,none,,1,beginning,164,direction_and_magnitude_change,0,Trend Shift,none,0,0,0,0,0,1,0,0,0,0,0,0,0,0,0,0
2020-04-07,1.1569202698965546,0,0,0,0,0,0,0,0,0,0,0,0,0,0,0,0,0,1,0,none,,0,none,,,0,0,0,none,,0,none,,1,beginning,164,direction_and_magnitude_change,0,Trend Shift,none,0,0,0,0,0,1,0,0,0,0,0,0,0,0,0,0
2020-04-08,1.1587842842782499,0,0,0,0,0,0,0,0,0,0,0,0,0,0,0,0,0,1,0,none,,0,none,,,0,0,0,none,,0,none,,1,beginning,164,direction_and_magnitude_change,0,Trend Shift,none,0,0,0,0,0,1,0,0,0,0,0,0,0,0,0,0
2020-04-09,1.1547626934860815,0,0,0,0,0,0,0,0,0,0,0,0,0,0,0,0,0,1,0,none,,0,none,,,0,0,0,none,,0,none,,1,beginning,164,direction_and_magnitude_change,0,Trend Shift,none,0,0,0,0,0,1,0,0,0,0,0,0,0,0,0,0
2020-04-10,1.1594555039041865,0,0,0,0,0,0,0,0,0,0,0,0,0,0,0,0,0,1,0,none,,0,none,,,0,0,0,none,,0,none,,1,beginning,164,direction_and_magnitude_change,0,Trend Shift,none,0,0,0,0,0,1,0,0,0,0,0,0,0,0,0,0
2020-04-11,1.1712730123497994,0,0,0,0,0,0,0,0,0,0,0,0,0,0,0,0,0,1,0,none,,0,none,,,0,0,0,none,,0,none,,1,beginning,164,direction_and_magnitude_change,0,Trend Shift,none,0,0,0,0,0,1,0,0,0,0,0,0,0,0,0,0
2020-04-12,1.1636054427122509,0,0,0,0,0,0,0,0,0,0,0,0,0,0,0,0,0,1,0,none,,0,none,,,0,0,0,none,,0,none,,1,beginning,164,direction_and_magnitude_change,0,Trend Shift,none,0,0,0,0,0,1,0,0,0,0,0,0,0,0,0,0
2020-04-13,1.1631069608056541,0,0,0,0,0,0,0,0,0,0,0,0,0,0,0,0,0,1,0,none,,0,none,,,0,0,0,none,,0,none,,1,beginning,164,direction_and_magnitude_change,0,Trend Shift,none,0,0,0,0,0,1,0,0,0,0,0,0,0,0,0,0
2020-04-14,1.1708311614523061,0,0,0,0,0,0,0,0,0,0,0,0,0,0,0,0,0,1,0,none,,0,none,,,0,0,0,none,,0,none,,1,beginning,164,direction_and_magnitude_change,0,Trend Shift,none,0,0,0,0,0,1,0,0,0,0,0,0,0,0,0,0
2020-04-15,1.1711311945736955,0,0,0,0,0,0,0,0,0,0,0,0,0,0,0,0,0,1,0,none,,0,none,,,0,0,0,none,,0,none,,1,beginning,164,direction_and_magnitude_change,0,Trend Shift,none,0,0,0,0,0,1,0,0,0,0,0,0,0,0,0,0
2020-04-16,1.1629920610118532,0,0,0,0,0,0,0,0,0,0,0,0,0,0,0,0,0,1,0,none,,0,none,,,0,0,0,none,,0,none,,1,beginning,164,direction_and_magnitude_change,0,Trend Shift,none,0,0,0,0,0,1,0,0,0,0,0,0,0,0,0,0
2020-04-17,1.1681992970995174,0,0,0,0,0,0,0,0,0,0,0,0,0,0,0,0,0,1,0,none,,0,none,,,0,0,0,none,,0,none,,1,beginning,164,direction_and_magnitude_change,0,Trend Shift,none,0,0,0,0,0,1,0,0,0,0,0,0,0,0,0,0
2020-04-18,1.1717660372798349,0,0,0,0,0,0,0,0,0,0,0,0,0,0,0,0,0,1,0,none,,0,none,,,0,0,0,none,,0,none,,1,beginning,164,direction_and_magnitude_change,0,Trend Shift,none,0,0,0,0,0,1,0,0,0,0,0,0,0,0,0,0
2020-04-19,1.1662813275487383,0,0,0,0,0,0,0,0,0,0,0,0,0,0,0,0,0,1,0,none,,0,none,,,0,0,0,none,,0,none,,1,beginning,164,direction_and_magnitude_change,0,Trend Shift,none,0,0,0,0,0,1,0,0,0,0,0,0,0,0,0,0
2020-04-20,1.17604508893316,0,0,0,0,0,0,0,0,0,0,0,0,0,0,0,0,0,1,0,none,,0,none,,,0,0,0,none,,0,none,,1,beginning,164,direction_and_magnitude_change,0,Trend Shift,none,0,0,0,0,0,1,0,0,0,0,0,0,0,0,0,0
2020-04-21,1.1707527281422467,0,0,0,0,0,0,0,0,0,0,0,0,0,0,0,0,0,1,0,none,,0,none,,,0,0,0,none,,0,none,,1,beginning,164,direction_and_magnitude_change,0,Trend Shift,none,0,0,0,0,0,1,0,0,0,0,0,0,0,0,0,0
2020-04-22,1.1773279265023548,0,0,0,0,0,0,0,0,0,0,0,0,0,0,0,0,0,1,0,none,,0,none,,,0,0,0,none,,0,none,,1,beginning,164,direction_and_magnitude_change,0,Trend Shift,none,0,0,0,0,0,1,0,0,0,0,0,0,0,0,0,0
2020-04-23,1.1806030651968353,0,0,0,0,0,0,0,0,0,0,0,0,0,0,0,0,0,1,0,none,,0,none,,,0,0,0,none,,0,none,,1,beginning,164,direction_and_magnitude_change,0,Trend Shift,none,0,0,0,0,0,1,0,0,0,0,0,0,0,0,0,0
2020-04-24,1.1863546313033635,0,0,0,0,0,0,0,0,0,0,0,0,0,0,0,0,0,1,0,none,,0,none,,,0,0,0,none,,0,none,,1,beginning,164,direction_and_magnitude_change,0,Trend Shift,none,0,0,0,0,0,1,0,0,0,0,0,0,0,0,0,0
2020-04-25,1.1831645468674388,0,0,0,0,0,0,0,0,0,0,0,0,0,0,0,0,0,1,0,none,,0,none,,,0,0,0,none,,0,none,,1,beginning,164,direction_and_magnitude_change,0,Trend Shift,none,0,0,0,0,0,1,0,0,0,0,0,0,0,0,0,0
2020-04-26,1.1858307765506084,0,0,0,0,0,0,0,0,0,0,0,0,0,0,0,0,0,1,0,none,,0,none,,,0,0,0,none,,0,none,,1,beginning,164,direction_and_magnitude_change,0,Trend Shift,none,0,0,0,0,0,1,0,0,0,0,0,0,0,0,0,0
2020-04-27,1.1887220501795108,0,0,0,0,0,0,0,0,0,0,0,0,0,0,0,0,0,1,0,none,,0,none,,,0,0,0,none,,0,none,,1,beginning,164,direction_and_magnitude_change,0,Trend Shift,none,0,0,0,0,0,1,0,0,0,0,0,0,0,0,0,0
2020-04-28,1.1965646288801384,0,0,0,0,0,0,0,0,0,0,0,0,0,0,0,0,0,1,0,none,,0,none,,,0,0,0,none,,0,none,,1,beginning,164,direction_and_magnitude_change,0,Trend Shift,none,0,0,0,0,0,1,0,0,0,0,0,0,0,0,0,0
2020-04-29,1.1942442583345936,0,0,0,0,0,0,0,0,0,0,0,0,0,0,0,0,0,1,0,none,,0,none,,,0,0,0,none,,0,none,,1,beginning,164,direction_and_magnitude_change,0,Trend Shift,none,0,0,0,0,0,1,0,0,0,0,0,0,0,0,0,0
2020-04-30,1.1883671613516953,0,0,0,0,0,0,0,0,0,0,0,0,0,0,0,0,0,1,0,none,,0,none,,,0,0,0,none,,0,none,,1,beginning,164,direction_and_magnitude_change,0,Trend Shift,none,0,0,0,0,0,1,0,0,0,0,0,0,0,0,0,0
2020-05-01,1.1929939307286828,0,0,0,0,0,0,0,0,0,0,0,0,0,0,0,0,0,1,0,none,,0,none,,,0,0,0,none,,0,none,,1,beginning,164,direction_and_magnitude_change,0,Trend Shift,none,0,0,0,0,0,1,0,0,0,0,0,0,0,0,0,0
2020-05-02,1.1945020275747045,0,0,0,0,0,0,0,0,0,0,0,0,0,0,0,0,0,1,0,none,,0,none,,,0,0,0,none,,0,none,,1,beginning,164,direction_and_magnitude_change,0,Trend Shift,none,0,0,0,0,0,1,0,0,0,0,0,0,0,0,0,0
2020-05-03,1.1973826371988456,0,0,0,0,0,0,0,0,0,0,0,0,0,0,0,0,0,1,0,none,,0,none,,,0,0,0,none,,0,none,,1,beginning,164,direction_and_magnitude_change,0,Trend Shift,none,0,0,0,0,0,1,0,0,0,0,0,0,0,0,0,0
2020-05-04,1.194468268415629,0,0,0,0,0,0,0,0,0,0,0,0,0,0,0,0,0,1,0,none,,0,none,,,0,0,0,none,,0,none,,1,beginning,164,direction_and_magnitude_change,0,Trend Shift,none,0,0,0,0,0,1,0,0,0,0,0,0,0,0,0,0
2020-05-05,1.1937552767928812,0,0,0,0,0,0,0,0,0,0,0,0,0,0,0,0,0,1,0,none,,0,none,,,0,0,0,none,,0,none,,1,beginning,164,direction_and_magnitude_change,0,Trend Shift,none,0,0,0,0,0,1,0,0,0,0,0,0,0,0,0,0
2020-05-06,1.1970875622232346,0,0,0,0,0,0,0,0,0,0,0,0,0,0,0,0,0,1,0,none,,0,none,,,0,0,0,none,,0,none,,1,beginning,164,direction_and_magnitude_change,0,Trend Shift,none,0,0,0,0,0,1,0,0,0,0,0,0,0,0,0,0
2020-05-07,1.1954309262548428,0,0,0,0,0,0,0,0,0,0,0,0,0,0,0,0,0,1,0,none,,0,none,,,0,0,0,none,,0,none,,1,beginning,164,direction_and_magnitude_change,0,Trend Shift,none,0,0,0,0,0,1,0,0,0,0,0,0,0,0,0,0
2020-05-08,1.1975596807802187,0,0,0,0,0,0,0,0,0,0,0,0,0,0,0,0,0,1,0,none,,0,none,,,0,0,0,none,,0,none,,1,beginning,164,direction_and_magnitude_change,0,Trend Shift,none,0,0,0,0,0,1,0,0,0,0,0,0,0,0,0,0
2020-05-09,1.2030648180100283,0,0,0,0,0,0,0,0,0,0,0,0,0,0,0,0,0,1,0,none,,0,none,,,0,0,0,none,,0,none,,1,beginning,164,direction_and_magnitude_change,0,Trend Shift,none,0,0,0,0,0,1,0,0,0,0,0,0,0,0,0,0
2020-05-10,1.2014128956699472,0,0,0,0,0,0,0,0,0,0,0,0,0,0,0,0,0,1,0,none,,0,none,,,0,0,0,none,,0,none,,1,beginning,164,direction_and_magnitude_change,0,Trend Shift,none,0,0,0,0,0,1,0,0,0,0,0,0,0,0,0,0
2020-05-11,1.2005608897763038,0,0,0,0,0,0,0,0,0,0,0,0,0,0,0,0,0,1,0,none,,0,none,,,0,0,0,none,,0,none,,1,beginning,164,direction_and_magnitude_change,0,Trend Shift,none,0,0,0,0,0,1,0,0,0,0,0,0,0,0,0,0
2020-05-12,1.207048175476612,0,0,0,0,0,0,0,0,0,0,0,0,0,0,0,0,0,1,0,none,,0,none,,,0,0,0,none,,0,none,,1,beginning,164,direction_and_magnitude_change,0,Trend Shift,none,0,0,0,0,0,1,0,0,0,0,0,0,0,0,0,0
2020-05-13,1.2053968707226737,0,0,0,0,0,0,0,0,0,0,0,0,0,0,0,0,0,1,0,none,,0,none,,,0,0,0,none,,0,none,,1,beginning,164,direction_and_magnitude_change,0,Trend Shift,none,0,0,0,0,0,1,0,0,0,0,0,0,0,0,0,0
2020-05-14,1.2080487059354517,0,0,0,0,0,0,0,0,0,0,0,0,0,0,0,0,0,1,0,none,,0,none,,,0,0,0,none,,0,none,,1,beginning,164,direction_and_magnitude_change,0,Trend Shift,none,0,0,0,0,0,1,0,0,0,0,0,0,0,0,0,0
2020-05-15,1.2108796317068273,0,0,0,0,0,0,0,0,0,0,0,0,0,0,0,0,0,1,0,none,,0,none,,,0,0,0,none,,0,none,,1,beginning,164,direction_and_magnitude_change,0,Trend Shift,none,0,0,0,0,0,1,0,0,0,0,0,0,0,0,0,0
2020-05-16,1.2090962379265433,0,0,0,0,0,0,0,0,0,0,0,0,0,0,0,0,0,1,0,none,,0,none,,,0,0,0,none,,0,none,,1,beginning,164,direction_and_magnitude_change,0,Trend Shift,none,0,0,0,0,0,1,0,0,0,0,0,0,0,0,0,0
2020-05-17,1.2148157858426156,0,0,0,0,0,0,0,0,0,0,0,0,0,0,0,0,0,1,0,none,,0,none,,,0,0,0,none,,0,none,,1,beginning,164,direction_and_magnitude_change,0,Trend Shift,none,0,0,0,0,0,1,0,0,0,0,0,0,0,0,0,0
2020-05-18,1.2171578696292267,0,0,0,0,0,0,0,0,0,0,0,0,0,0,0,0,0,1,0,none,,0,none,,,0,0,0,none,,0,none,,1,beginning,164,direction_and_magnitude_change,0,Trend Shift,none,0,0,0,0,0,1,0,0,0,0,0,0,0,0,0,0
2020-05-19,1.2216926823459993,0,0,0,0,0,0,0,0,0,0,0,0,0,0,0,0,0,1,0,none,,0,none,,,0,0,0,none,,0,none,,1,beginning,164,direction_and_magnitude_change,0,Trend Shift,none,0,0,0,0,0,1,0,0,0,0,0,0,0,0,0,0
2020-05-20,1.2163049869392157,0,0,0,0,0,0,0,0,0,0,0,0,0,0,0,0,0,1,0,none,,0,none,,,0,0,0,none,,0,none,,1,beginning,164,direction_and_magnitude_change,0,Trend Shift,none,0,0,0,0,0,1,0,0,0,0,0,0,0,0,0,0
2020-05-21,1.217909322876143,0,0,0,0,0,0,0,0,0,0,0,0,0,0,0,0,0,1,0,none,,0,none,,,0,0,0,none,,0,none,,1,beginning,164,direction_and_magnitude_change,0,Trend Shift,none,0,0,0,0,0,1,0,0,0,0,0,0,0,0,0,0
2020-05-22,1.2225835009044181,0,0,0,0,0,0,0,0,0,0,0,0,0,0,0,0,0,1,0,none,,0,none,,,0,0,0,none,,0,none,,1,beginning,164,direction_and_magnitude_change,0,Trend Shift,none,0,0,0,0,0,1,0,0,0,0,0,0,0,0,0,0
2020-05-23,1.221737717520562,0,0,0,0,0,0,0,0,0,0,0,0,0,0,0,0,0,1,0,none,,0,none,,,0,0,0,none,,0,none,,1,beginning,164,direction_and_magnitude_change,0,Trend Shift,none,0,0,0,0,0,1,0,0,0,0,0,0,0,0,0,0
2020-05-24,1.2253075686350787,0,0,0,0,0,0,0,0,0,0,0,0,0,0,0,0,0,1,0,none,,0,none,,,0,0,0,none,,0,none,,1,beginning,164,direction_and_magnitude_change,0,Trend Shift,none,0,0,0,0,0,1,0,0,0,0,0,0,0,0,0,0
2020-05-25,1.227972481876876,0,0,0,0,0,0,0,0,0,0,0,0,0,0,0,0,0,1,0,none,,0,none,,,0,0,0,none,,0,none,,1,beginning,164,direction_and_magnitude_change,0,Trend Shift,none,0,0,0,0,0,1,0,0,0,0,0,0,0,0,0,0
2020-05-26,1.2242246754809571,0,0,0,0,0,0,0,0,0,0,0,0,0,0,0,0,0,1,0,none,,0,none,,,0,0,0,none,,0,none,,1,beginning,164,direction_and_magnitude_change,0,Trend Shift,none,0,0,0,0,0,1,0,0,0,0,0,0,0,0,0,0
2020-05-27,1.231018550503433,0,0,0,0,0,0,0,0,0,0,0,0,0,0,0,0,0,1,0,none,,0,none,,,0,0,0,none,,0,none,,1,beginning,164,direction_and_magnitude_change,0,Trend Shift,none,0,0,0,0,0,1,0,0,0,0,0,0,0,0,0,0
2020-05-28,1.2303418513518134,0,0,0,0,0,0,0,0,0,0,0,0,0,0,0,0,0,1,0,none,,0,none,,,0,0,0,none,,0,none,,1,beginning,164,direction_and_magnitude_change,0,Trend Shift,none,0,0,0,0,0,1,0,0,0,0,0,0,0,0,0,0
2020-05-29,1.2260590166610046,0,0,0,0,0,0,0,0,0,0,0,0,0,0,0,0,0,1,0,none,,0,none,,,0,0,0,none,,0,none,,1,beginning,164,direction_and_magnitude_change,0,Trend Shift,none,0,0,0,0,0,1,0,0,0,0,0,0,0,0,0,0
2020-05-30,1.230661743915387,0,0,0,0,0,0,0,0,0,0,0,0,0,0,0,0,0,1,0,none,,0,none,,,0,0,0,none,,0,none,,1,beginning,164,direction_and_magnitude_change,0,Trend Shift,none,0,0,0,0,0,1,0,0,0,0,0,0,0,0,0,0
2020-05-31,1.2258472936594182,0,0,0,0,0,0,0,0,0,0,0,0,0,0,0,0,0,1,0,none,,0,none,,,0,0,0,none,,0,none,,1,beginning,164,direction_and_magnitude_change,0,Trend Shift,none,0,0,0,0,0,1,0,0,0,0,0,0,0,0,0,0
2020-06-01,1.2318361300204874,0,0,0,0,0,0,0,0,0,0,0,0,0,0,0,0,0,1,0,none,,0,none,,,0,0,0,none,,0,none,,1,beginning,164,direction_and_magnitude_change,0,Trend Shift,none,0,0,0,0,0,1,0,0,0,0,0,0,0,0,0,0
2020-06-02,1.2325027788394427,0,0,0,0,0,0,0,0,0,0,0,0,0,0,0,0,0,1,0,none,,0,none,,,0,0,0,none,,0,none,,1,beginning,164,direction_and_magnitude_change,0,Trend Shift,none,0,0,0,0,0,1,0,0,0,0,0,0,0,0,0,0
2020-06-03,1.239424999619065,0,0,0,0,0,0,0,0,0,0,0,0,0,0,0,0,0,1,0,none,,0,none,,,0,0,0,none,,0,none,,1,beginning,164,direction_and_magnitude_change,0,Trend Shift,none,0,0,0,0,0,1,0,0,0,0,0,0,0,0,0,0
2020-06-04,1.2393322326799632,0,0,0,0,0,0,0,0,0,0,0,0,0,0,0,0,0,1,0,none,,0,none,,,0,0,0,none,,0,none,,1,beginning,164,direction_and_magnitude_change,0,Trend Shift,none,0,0,0,0,0,1,0,0,0,0,0,0,0,0,0,0
2020-06-05,1.2395699247446994,0,0,0,0,0,0,0,0,0,0,0,0,0,0,0,0,0,1,0,none,,0,none,,,0,0,0,none,,0,none,,1,beginning,164,direction_and_magnitude_change,0,Trend Shift,none,0,0,0,0,0,1,0,0,0,0,0,0,0,0,0,0
2020-06-06,1.245744985857214,0,0,0,0,0,0,0,0,0,0,0,0,0,0,0,0,0,1,0,none,,0,none,,,0,0,0,none,,0,none,,1,beginning,164,direction_and_magnitude_change,0,Trend Shift,none,0,0,0,0,0,1,0,0,0,0,0,0,0,0,0,0
2020-06-07,1.2438687865652536,0,0,0,0,0,0,0,0,0,0,0,0,0,0,0,0,0,1,0,none,,0,none,,,0,0,0,none,,0,none,,1,beginning,164,direction_and_magnitude_change,0,Trend Shift,none,0,0,0,0,0,1,0,0,0,0,0,0,0,0,0,0
2020-06-08,1.247607419755992,0,0,0,0,0,0,0,0,0,0,0,0,0,0,0,0,0,1,0,none,,0,none,,,0,0,0,none,,0,none,,1,beginning,164,direction_and_magnitude_change,0,Trend Shift,none,0,0,0,0,0,1,0,0,0,0,0,0,0,0,0,0
2020-06-09,1.2470162611972122,0,0,0,0,0,0,0,0,0,0,0,0,0,0,0,0,0,1,0,none,,0,none,,,0,0,0,none,,0,none,,1,beginning,164,direction_and_magnitude_change,0,Trend Shift,none,0,0,0,0,0,1,0,0,0,0,0,0,0,0,0,0
2020-06-10,1.2499188342041399,0,0,0,0,0,0,0,0,0,0,0,0,0,0,0,0,0,1,0,none,,0,none,,,0,0,0,none,,0,none,,1,beginning,164,direction_and_magnitude_change,0,Trend Shift,none,0,0,0,0,0,1,0,0,0,0,0,0,0,0,0,0
2020-06-11,1.255333201950195,0,0,0,0,0,0,0,0,0,0,0,0,0,0,0,0,0,1,0,none,,0,none,,,0,0,0,none,,0,none,,1,beginning,164,direction_and_magnitude_change,0,Trend Shift,none,0,0,0,0,0,1,0,0,0,0,0,0,0,0,0,0
2020-06-12,1.2430894472693155,0,0,0,0,0,0,0,0,0,0,0,0,0,0,0,0,0,1,0,none,,0,none,,,0,0,0,none,,0,none,,1,beginning,164,direction_and_magnitude_change,0,Trend Shift,none,0,0,0,0,0,1,0,0,0,0,0,0,0,0,0,0
2020-06-13,1.2498818878218714,0,0,0,0,0,0,0,0,0,0,0,0,0,0,0,0,0,1,0,none,,0,none,,,0,0,0,none,,0,none,,1,beginning,164,direction_and_magnitude_change,0,Trend Shift,none,0,0,0,0,0,1,0,0,0,0,0,0,0,0,0,0
2020-06-14,1.2391217960467082,0,0,0,0,0,0,0,0,0,0,0,0,0,0,0,0,0,1,0,none,,0,none,,,0,0,0,none,,0,none,,1,beginning,164,direction_and_magnitude_change,0,Trend Shift,none,0,0,0,0,0,1,0,0,0,0,0,0,0,0,0,0
2020-06-15,1.245737020745875,0,0,0,0,0,0,0,0,0,0,0,0,0,0,0,0,0,1,0,none,,0,none,,,0,0,0,none,,0,none,,1,beginning,164,direction_and_magnitude_change,0,Trend Shift,none,0,0,0,0,0,1,0,0,0,0,0,0,0,0,0,0
2020-06-16,1.2294289624294625,0,0,0,0,0,0,0,0,0,0,0,0,0,0,0,0,0,1,0,none,,0,none,,,0,0,0,none,,0,none,,1,beginning,164,direction_and_magnitude_change,0,Trend Shift,none,0,0,0,0,0,1,0,0,0,0,0,0,0,0,0,0
2020-06-17,1.2268952949728977,0,0,0,0,0,0,0,0,0,0,0,0,0,0,0,0,0,1,0,none,,0,none,,,0,0,0,none,,0,none,,1,beginning,164,direction_and_magnitude_change,0,Trend Shift,none,0,0,0,0,0,1,0,0,0,0,0,0,0,0,0,0
2020-06-18,1.22069850002619,0,0,0,0,0,0,0,0,0,0,0,0,0,0,0,0,0,1,0,none,,0,none,,,0,0,0,none,,0,none,,1,beginning,164,direction_and_magnitude_change,0,Trend Shift,none,0,0,0,0,0,1,0,0,0,0,0,0,0,0,0,0
2020-06-19,1.2185014950334614,0,0,0,0,0,0,0,0,0,0,0,0,0,0,0,0,0,1,0,none,,0,none,,,0,0,0,none,,0,none,,1,beginning,164,direction_and_magnitude_change,0,Trend Shift,none,0,0,0,0,0,1,0,0,0,0,0,0,0,0,0,0
2020-06-20,1.2085379943225008,0,0,0,0,0,0,0,0,0,0,0,0,0,0,0,0,0,1,0,none,,0,none,,,0,0,0,none,,0,none,,1,beginning,164,direction_and_magnitude_change,0,Trend Shift,none,0,0,0,0,0,1,0,0,0,0,0,0,0,0,0,0
2020-06-21,1.2081811270330793,0,0,0,0,0,0,0,0,0,0,0,0,0,0,0,0,0,1,0,none,,0,none,,,0,0,0,none,,0,none,,1,beginning,164,direction_and_magnitude_change,0,Trend Shift,none,0,0,0,0,0,1,0,0,0,0,0,0,0,0,0,0
2020-06-22,1.2021193246825141,0,0,0,0,0,0,0,0,0,0,0,0,0,0,0,0,0,1,0,none,,0,none,,,0,0,0,none,,0,none,,1,beginning,164,direction_and_magnitude_change,0,Trend Shift,none,0,0,0,0,0,1,0,0,0,0,0,0,0,0,0,0
2020-06-23,1.1979955030632925,0,0,0,0,0,0,0,0,0,0,0,0,0,0,0,0,0,1,0,none,,0,none,,,0,0,0,none,,0,none,,1,beginning,164,direction_and_magnitude_change,0,Trend Shift,none,0,0,0,0,0,1,0,0,0,0,0,0,0,0,0,0
2020-06-24,1.1918474715495249,0,0,0,0,0,0,0,0,0,0,0,0,0,0,0,0,0,1,0,none,,0,none,,,0,0,0,none,,0,none,,1,beginning,164,direction_and_magnitude_change,0,Trend Shift,none,0,0,0,0,0,1,0,0,0,0,0,0,0,0,0,0
2020-06-25,1.1895584895091706,0,0,0,0,0,0,0,0,0,0,0,0,0,0,0,0,0,1,0,none,,0,none,,,0,0,0,none,,0,none,,1,beginning,164,direction_and_magnitude_change,0,Trend Shift,none,0,0,0,0,0,1,0,0,0,0,0,0,0,0,0,0
2020-06-26,1.1854196560664427,0,0,0,0,0,0,0,0,0,0,0,0,0,0,0,0,0,1,0,none,,0,none,,,0,0,0,none,,0,none,,1,beginning,164,direction_and_magnitude_change,0,Trend Shift,none,0,0,0,0,0,1,0,0,0,0,0,0,0,0,0,0
2020-06-27,1.1723064429388377,0,0,0,0,0,0,0,0,0,0,0,0,0,0,0,0,0,1,0,none,,0,none,,,0,0,0,none,,0,none,,1,beginning,164,direction_and_magnitude_change,0,Trend Shift,none,0,0,0,0,0,1,0,0,0,0,0,0,0,0,0,0
2020-06-28,1.1723443146614172,0,0,0,0,0,0,0,0,0,0,0,0,0,0,0,0,0,1,0,none,,0,none,,,0,0,0,none,,0,none,,1,beginning,164,direction_and_magnitude_change,0,Trend Shift,none,0,0,0,0,0,1,0,0,0,0,0,0,0,0,0,0
2020-06-29,1.1608983278306488,0,0,0,0,0,0,0,0,0,0,0,0,0,0,0,0,0,1,0,none,,0,none,,,0,0,0,none,,0,none,,1,beginning,164,direction_and_magnitude_change,0,Trend Shift,none,0,0,0,0,0,1,0,0,0,0,0,0,0,0,0,0
2020-06-30,1.1570112296140527,0,0,0,0,0,0,0,0,0,0,0,0,0,0,0,0,0,1,0,none,,0,none,,,0,0,0,none,,0,none,,1,beginning,164,direction_and_magnitude_change,0,Trend Shift,none,0,0,0,0,0,1,0,0,0,0,0,0,0,0,0,0
2020-07-01,1.154345544604355,0,0,0,0,0,0,0,0,0,0,0,0,0,0,0,0,0,1,0,none,,0,none,,,0,0,0,none,,0,none,,1,beginning,164,direction_and_magnitude_change,0,Trend Shift,none,0,0,0,0,0,1,0,0,0,0,0,0,0,0,0,0
2020-07-02,1.1474914902860898,0,0,0,0,0,0,0,0,0,0,0,0,0,0,0,0,0,1,0,none,,0,none,,,0,0,0,none,,0,none,,1,beginning,164,direction_and_magnitude_change,0,Trend Shift,none,0,0,0,0,0,1,0,0,0,0,0,0,0,0,0,0
2020-07-03,1.1450432551304937,0,0,0,0,0,0,0,0,0,0,0,0,0,0,0,0,0,1,0,none,,0,none,,,0,0,0,none,,0,none,,1,beginning,164,direction_and_magnitude_change,0,Trend Shift,none,0,0,0,0,0,1,0,0,0,0,0,0,0,0,0,0
2020-07-04,1.142227146534441,0,0,0,0,0,0,0,0,0,0,0,0,0,0,0,0,0,1,0,none,,0,none,,,0,0,0,none,,0,none,,1,beginning,164,direction_and_magnitude_change,0,Trend Shift,none,0,0,0,0,0,1,0,0,0,0,0,0,0,0,0,0
2020-07-05,1.12903937213627,0,0,0,0,0,0,0,0,0,0,0,0,0,0,0,0,0,1,0,none,,0,none,,,0,0,0,none,,0,none,,1,beginning,164,direction_and_magnitude_change,0,Trend Shift,none,0,0,0,0,0,1,0,0,0,0,0,0,0,0,0,0
2020-07-06,1.1363049275263157,0,0,0,0,0,0,0,0,0,0,0,0,0,0,0,0,0,1,0,none,,0,none,,,0,0,0,none,,0,none,,1,beginning,164,direction_and_magnitude_change,0,Trend Shift,none,0,0,0,0,0,1,0,0,0,0,0,0,0,0,0,0
2020-07-07,1.12085930500319,0,0,0,0,0,0,0,0,0,0,0,0,0,0,0,0,0,1,0,none,,0,none,,,0,0,0,none,,0,none,,1,beginning,164,direction_and_magnitude_change,0,Trend Shift,none,0,0,0,0,0,1,0,0,0,0,0,0,0,0,0,0
2020-07-08,1.1216265822085438,0,0,0,0,0,0,0,0,0,0,0,0,0,0,0,0,0,1,0,none,,0,none,,,0,0,0,none,,0,none,,1,beginning,164,direction_and_magnitude_change,0,Trend Shift,none,0,0,0,0,0,1,0,0,0,0,0,0,0,0,0,0
2020-07-09,1.1123068120227508,0,0,0,0,0,0,0,0,0,0,0,0,0,0,0,0,0,1,0,none,,0,none,,,0,0,0,none,,0,none,,1,beginning,164,direction_and_magnitude_change,0,Trend Shift,none,0,0,0,0,0,1,0,0,0,0,0,0,0,0,0,0
2020-07-10,1.1183473991900577,0,0,0,0,0,0,0,0,0,0,0,0,0,0,0,0,0,1,0,none,,0,none,,,0,0,0,none,,0,none,,1,beginning,164,direction_and_magnitude_change,0,Trend Shift,none,0,0,0,0,0,1,0,0,0,0,0,0,0,0,0,0
2020-07-11,1.0969805940363253,0,0,0,0,0,0,0,0,0,0,0,0,0,0,0,0,0,1,0,none,,0,none,,,0,0,0,none,,0,none,,1,beginning,164,direction_and_magnitude_change,0,Trend Shift,none,0,0,0,0,0,1,0,0,0,0,0,0,0,0,0,0
2020-07-12,1.0975535005464496,0,0,0,0,0,0,0,0,0,0,0,0,0,0,0,0,0,1,0,none,,0,none,,,0,0,0,none,,0,none,,1,beginning,164,direction_and_magnitude_change,0,Trend Shift,none,0,0,0,0,0,1,0,0,0,0,0,0,0,0,0,0
2020-07-13,1.0905048335577154,0,0,0,0,0,0,0,0,0,0,0,0,0,0,0,0,0,1,0,none,,0,none,,,0,0,0,none,,0,none,,1,beginning,164,direction_and_magnitude_change,0,Trend Shift,none,0,0,0,0,0,1,0,0,0,0,0,0,0,0,0,0
2020-07-14,1.0888798236797472,0,0,0,0,0,0,0,0,0,0,0,0,0,0,0,0,0,1,0,none,,0,none,,,0,0,0,none,,0,none,,1,beginning,164,direction_and_magnitude_change,0,Trend Shift,none,0,0,0,0,0,1,0,0,0,0,0,0,0,0,0,0
2020-07-15,1.0783864842533242,0,0,0,0,0,0,0,0,0,0,0,0,0,0,0,0,0,1,0,none,,0,none,,,0,0,0,none,,0,none,,1,beginning,164,direction_and_magnitude_change,0,Trend Shift,none,0,0,0,0,0,1,0,0,0,0,0,0,0,0,0,0
2020-07-16,1.0743616730483319,0,0,0,0,0,0,0,0,0,0,0,0,0,0,0,0,0,1,0,none,,0,none,,,0,0,0,none,,0,none,,1,beginning,164,direction_and_magnitude_change,0,Trend Shift,none,0,0,0,0,0,1,0,0,0,0,0,0,0,0,0,0
2020-07-17,1.0605540961432882,0,0,0,0,0,0,0,0,0,0,0,0,0,0,0,0,0,1,0,none,,0,none,,,0,0,0,none,,0,none,,1,beginning,164,direction_and_magnitude_change,0,Trend Shift,none,0,0,0,0,0,1,0,0,0,0,0,0,0,0,0,0
2020-07-18,1.059604953314176,0,0,0,0,0,0,0,0,0,0,0,0,0,0,0,0,0,1,0,none,,0,none,,,0,0,0,none,,0,none,,1,beginning,164,direction_and_magnitude_change,0,Trend Shift,none,0,0,0,0,0,1,0,0,0,0,0,0,0,0,0,0
2020-07-19,1.048738787767576,0,0,0,0,0,0,0,0,0,0,0,0,0,0,0,0,0,1,0,none,,0,none,,,0,0,0,none,,0,none,,1,beginning,164,direction_and_magnitude_change,0,Trend Shift,none,0,0,0,0,0,1,0,0,0,0,0,0,0,0,0,0
2020-07-20,1.052680391641751,0,0,0,0,0,0,0,0,0,0,0,0,0,0,0,0,0,1,0,none,,0,none,,,0,0,0,none,,0,none,,1,beginning,164,direction_and_magnitude_change,0,Trend Shift,none,0,0,0,0,0,1,0,0,0,0,0,0,0,0,0,0
2020-07-21,1.0467744685275535,0,0,0,0,0,0,0,0,0,0,0,0,0,0,0,0,0,1,0,none,,0,none,,,0,0,0,none,,0,none,,1,beginning,164,direction_and_magnitude_change,0,Trend Shift,none,0,0,0,0,0,1,0,0,0,0,0,0,0,0,0,0
2020-07-22,1.0386348914423278,0,0,0,0,0,0,0,0,0,0,0,0,0,0,0,0,0,1,0,none,,0,none,,,0,0,0,none,,0,none,,1,beginning,164,direction_and_magnitude_change,0,Trend Shift,none,0,0,0,0,0,1,0,0,0,0,0,0,0,0,0,0
2020-07-23,1.0322854391275251,0,0,0,0,0,0,0,0,0,0,0,0,0,0,0,0,0,1,0,none,,0,none,,,0,0,0,none,,0,none,,1,beginning,164,direction_and_magnitude_change,0,Trend Shift,none,0,0,0,0,0,1,0,0,0,0,0,0,0,0,0,0
2020-07-24,1.0334786029681893,0,0,0,0,0,0,0,0,0,0,0,0,0,0,0,0,0,1,0,none,,0,none,,,0,0,0,none,,0,none,,1,beginning,164,direction_and_magnitude_change,0,Trend Shift,none,0,0,0,0,0,1,0,0,0,0,0,0,0,0,0,0
2020-07-25,1.0272888857106757,0,0,0,0,0,0,0,0,0,0,0,0,0,0,0,0,0,1,0,none,,0,none,,,0,0,0,none,,0,none,,1,beginning,164,direction_and_magnitude_change,0,Trend Shift,none,0,0,0,0,0,1,0,0,0,0,0,0,0,0,0,0
2020-07-26,1.0282584568946807,0,0,0,0,0,0,0,0,0,0,0,0,0,0,0,0,0,1,0,none,,0,none,,,0,0,0,none,,0,none,,1,beginning,164,direction_and_magnitude_change,0,Trend Shift,none,0,0,0,0,0,1,0,0,0,0,0,0,0,0,0,0
2020-07-27,1.0180322127321766,0,0,0,0,0,0,0,0,0,0,0,0,0,0,0,0,0,1,0,none,,0,none,,,0,0,0,none,,0,none,,1,beginning,164,direction_and_magnitude_change,0,Trend Shift,none,0,0,0,0,0,1,0,0,0,0,0,0,0,0,0,0
2020-07-28,1.0158081079902215,0,0,0,0,0,0,0,0,0,0,0,0,0,0,0,0,0,1,0,none,,0,none,,,0,0,0,none,,0,none,,1,beginning,164,direction_and_magnitude_change,0,Trend Shift,none,0,0,0,0,0,1,0,0,0,0,0,0,0,0,0,0
2020-07-29,1.0062136388604876,0,0,0,0,0,0,0,0,0,0,0,0,0,0,0,0,0,1,0,none,,0,none,,,0,0,0,none,,0,none,,1,beginning,164,direction_and_magnitude_change,0,Trend Shift,none,0,0,0,0,0,1,0,0,0,0,0,0,0,0,0,0
2020-07-30,1.0061774161185075,0,0,0,0,0,0,0,0,0,0,0,0,0,0,0,0,0,1,0,none,,0,none,,,0,0,0,none,,0,none,,1,beginning,164,direction_and_magnitude_change,0,Trend Shift,none,0,0,0,0,0,1,0,0,0,0,0,0,0,0,0,0
2020-07-31,0.9965381405193924,0,0,0,0,0,0,0,0,0,0,0,0,0,0,0,0,0,1,0,none,,0,none,,,0,0,0,none,,0,none,,1,beginning,164,direction_and_magnitude_change,0,Trend Shift,none,0,0,0,0,0,1,0,0,0,0,0,0,0,0,0,0
2020-08-01,0.9928379985495484,0,0,0,0,0,0,0,0,0,0,0,0,0,0,0,0,0,1,0,none,,0,none,,,0,0,0,none,,0,none,,1,beginning,164,direction_and_magnitude_change,0,Trend Shift,none,0,0,0,0,0,1,0,0,0,0,0,0,0,0,0,0
2020-08-02,0.9821967844988654,0,0,0,0,0,0,0,0,0,0,0,0,0,0,0,0,0,1,0,none,,0,none,,,0,0,0,none,,0,none,,1,beginning,164,direction_and_magnitude_change,0,Trend Shift,none,0,0,0,0,0,1,0,0,0,0,0,0,0,0,0,0
2020-08-03,0.9803797342892077,0,0,0,0,0,0,0,0,0,0,0,0,0,0,0,0,0,1,0,none,,0,none,,,0,0,0,none,,0,none,,1,beginning,164,direction_and_magnitude_change,0,Trend Shift,none,0,0,0,0,0,1,0,0,0,0,0,0,0,0,0,0
2020-08-04,0.9773688405874636,0,0,0,0,0,0,0,0,0,0,0,0,0,0,0,0,0,1,0,none,,0,none,,,0,0,0,none,,0,none,,1,beginning,164,direction_and_magnitude_change,0,Trend Shift,none,0,0,0,0,0,1,0,0,0,0,0,0,0,0,0,0
2020-08-05,0.9697117614305371,0,0,0,0,0,0,0,0,0,0,0,0,0,0,0,0,0,1,0,none,,0,none,,,0,0,0,none,,0,none,,1,beginning,164,direction_and_magnitude_change,0,Trend Shift,none,0,0,0,0,0,1,0,0,0,0,0,0,0,0,0,0
2020-08-06,0.9634324367891808,0,0,0,0,0,0,0,0,0,0,0,0,0,0,0,0,0,1,0,none,,0,none,,,0,0,0,none,,0,none,,1,beginning,164,direction_and_magnitude_change,0,Trend Shift,none,0,0,0,0,0,1,0,0,0,0,0,0,0,0,0,0
2020-08-07,0.9588767982132281,0,0,0,0,0,0,0,0,0,0,0,0,0,0,0,0,0,1,0,none,,0,none,,,0,0,0,none,,0,none,,1,beginning,164,direction_and_magnitude_change,0,Trend Shift,none,0,0,0,0,0,1,0,0,0,0,0,0,0,0,0,0
2020-08-08,0.9507797039619356,0,0,0,0,0,0,0,0,0,0,0,0,0,0,0,0,0,1,0,none,,0,none,,,0,0,0,none,,0,none,,1,beginning,164,direction_and_magnitude_change,0,Trend Shift,none,0,0,0,0,0,1,0,0,0,0,0,0,0,0,0,0
2020-08-09,0.9458438220156158,0,0,0,0,0,0,0,0,0,0,0,0,0,0,0,0,0,1,0,none,,0,none,,,0,0,0,none,,0,none,,1,beginning,164,direction_and_magnitude_change,0,Trend Shift,none,0,0,0,0,0,1,0,0,0,0,0,0,0,0,0,0
2020-08-10,0.9415951882486223,0,0,0,0,0,0,0,0,0,0,0,0,0,0,0,0,0,1,0,none,,0,none,,,0,0,0,none,,0,none,,1,beginning,164,direction_and_magnitude_change,0,Trend Shift,none,0,0,0,0,0,1,0,0,0,0,0,0,0,0,0,0
2020-08-11,0.9359450755418093,0,0,0,0,0,0,0,0,0,0,0,0,0,0,0,0,0,1,0,none,,0,none,,,0,0,0,none,,0,none,,1,beginning,164,direction_and_magnitude_change,0,Trend Shift,none,0,0,0,0,0,1,0,0,0,0,0,0,0,0,0,0
2020-08-12,0.9333152251944288,0,0,0,0,0,0,0,0,0,0,0,0,0,0,0,0,0,1,0,none,,0,none,,,0,0,0,none,,0,none,,1,beginning,164,direction_and_magnitude_change,0,Trend Shift,none,0,0,0,0,0,1,0,0,0,0,0,0,0,0,0,0
2020-08-13,0.9257633067836989,0,0,0,0,0,0,0,0,0,0,0,0,0,0,0,0,0,1,0,none,,0,none,,,0,0,0,none,,0,none,,1,beginning,164,direction_and_magnitude_change,0,Trend Shift,none,0,0,0,0,0,1,0,0,0,0,0,0,0,0,0,0
2020-08-14,0.9179300906921534,0,0,0,0,0,0,0,0,0,0,0,0,0,0,0,0,0,1,0,none,,0,none,,,0,0,0,none,,0,none,,1,beginning,164,direction_and_magnitude_change,0,Trend Shift,none,0,0,0,0,0,1,0,0,0,0,0,0,0,0,0,0
2020-08-15,0.9171845218791486,0,0,0,0,0,0,0,0,0,0,0,0,0,0,0,0,0,1,0,none,,0,none,,,0,0,0,none,,0,none,,1,beginning,164,direction_and_magnitude_change,0,Trend Shift,none,0,0,0,0,0,1,0,0,0,0,0,0,0,0,0,0
2020-08-16,0.9158848572244185,0,0,0,0,0,0,0,0,0,0,0,0,0,0,0,0,0,1,0,none,,0,none,,,0,0,0,none,,0,none,,1,beginning,164,direction_and_magnitude_change,0,Trend Shift,none,0,0,0,0,0,1,0,0,0,0,0,0,0,0,0,0
2020-08-17,0.910147651839621,0,0,0,0,0,0,0,0,0,0,0,0,0,0,0,0,0,1,0,none,,0,none,,,0,0,0,none,,0,none,,1,beginning,164,direction_and_magnitude_change,0,Trend Shift,none,0,0,0,0,0,1,0,0,0,0,0,0,0,0,0,0
2020-08-18,0.8920431697262694,0,0,0,0,0,0,0,0,0,0,0,0,0,0,0,0,0,1,0,none,,0,none,,,0,0,0,none,,0,none,,1,beginning,164,direction_and_magnitude_change,0,Trend Shift,none,0,0,0,0,0,1,0,0,0,0,0,0,0,0,0,0
2020-08-19,0.8963824314081936,0,0,0,0,0,0,0,0,0,0,0,0,0,0,0,0,0,1,0,none,,0,none,,,0,0,0,none,,0,none,,1,beginning,164,direction_and_magnitude_change,0,Trend Shift,none,0,0,0,0,0,1,0,0,0,0,0,0,0,0,0,0
2020-08-20,0.8901140163935282,0,0,0,0,0,0,0,0,0,0,0,0,0,0,0,0,0,1,0,none,,0,none,,,0,0,0,none,,0,none,,1,beginning,164,direction_and_magnitude_change,0,Trend Shift,none,0,0,0,0,0,1,0,0,0,0,0,0,0,0,0,0
2020-08-21,0.8897997936397737,0,0,0,0,0,0,0,0,0,0,0,0,0,0,0,0,0,1,0,none,,0,none,,,0,0,0,none,,0,none,,1,beginning,164,direction_and_magnitude_change,0,Trend Shift,none,0,0,0,0,0,1,0,0,0,0,0,0,0,0,0,0
2020-08-22,0.8842078037176886,0,0,0,0,0,0,0,0,0,0,0,0,0,0,0,0,0,1,0,none,,0,none,,,0,0,0,none,,0,none,,1,beginning,164,direction_and_magnitude_change,0,Trend Shift,none,0,0,0,0,0,1,0,0,0,0,0,0,0,0,0,0
2020-08-23,0.8679441581584442,0,0,0,0,0,0,0,0,0,0,0,0,0,0,0,0,0,1,0,none,,0,none,,,0,0,0,none,,0,none,,1,beginning,164,direction_and_magnitude_change,0,Trend Shift,none,0,0,0,0,0,1,0,0,0,0,0,0,0,0,0,0
2020-08-24,0.8699861934069194,0,0,0,0,0,0,0,0,0,0,0,0,0,0,0,0,0,1,0,none,,0,none,,,0,0,0,none,,0,none,,1,beginning,164,direction_and_magnitude_change,0,Trend Shift,none,0,0,0,0,0,1,0,0,0,0,0,0,0,0,0,0
2020-08-25,0.8637987105708546,0,0,0,0,0,0,0,0,0,0,0,0,0,0,0,0,0,1,0,none,,0,none,,,0,0,0,none,,0,none,,1,beginning,164,direction_and_magnitude_change,0,Trend Shift,none,0,0,0,0,0,1,0,0,0,0,0,0,0,0,0,0
2020-08-26,0.8615303638906379,0,0,0,0,0,0,0,0,0,0,0,0,0,0,0,0,0,1,0,none,,0,none,,,0,0,0,none,,0,none,,1,beginning,164,direction_and_magnitude_change,0,Trend Shift,none,0,0,0,0,0,1,0,0,0,0,0,0,0,0,0,0
2020-08-27,0.850532415715291,0,0,0,0,0,0,0,0,0,0,0,0,0,0,0,0,0,1,0,none,,0,none,,,0,0,0,none,,0,none,,1,beginning,164,direction_and_magnitude_change,0,Trend Shift,none,0,0,0,0,0,1,0,0,0,0,0,0,0,0,0,0
2020-08-28,0.8543434907255818,0,0,0,0,0,0,0,0,0,0,0,0,0,0,0,0,0,1,0,none,,0,none,,,0,0,0,none,,0,none,,1,beginning,164,direction_and_magnitude_change,0,Trend Shift,none,0,0,0,0,0,1,0,0,0,0,0,0,0,0,0,0
2020-08-29,0.8462947245235081,0,0,0,0,0,0,0,0,0,0,0,0,0,0,0,0,0,1,0,none,,0,none,,,0,0,0,none,,0,none,,1,beginning,164,direction_and_magnitude_change,0,Trend Shift,none,0,0,0,0,0,1,0,0,0,0,0,0,0,0,0,0
2020-08-30,0.8425869957829035,0,0,0,0,0,0,0,0,0,0,0,0,0,0,0,0,0,1,0,none,,0,none,,,0,0,0,none,,0,none,,1,beginning,164,direction_and_magnitude_change,0,Trend Shift,none,0,0,0,0,0,1,0,0,0,0,0,0,0,0,0,0
2020-08-31,0.8329477251894849,0,0,0,0,0,0,0,0,0,0,0,0,0,0,0,0,0,1,0,none,,0,none,,,0,0,0,none,,0,none,,1,beginning,164,direction_and_magnitude_change,0,Trend Shift,none,0,0,0,0,0,1,0,0,0,0,0,0,0,0,0,0
2020-09-01,0.8245053222343021,0,0,0,0,0,0,0,0,0,0,0,0,0,0,0,0,0,1,0,none,,0,none,,,0,0,0,none,,0,none,,1,beginning,164,direction_and_magnitude_change,0,Trend Shift,none,0,0,0,0,0,1,0,0,0,0,0,0,0,0,0,0
2020-09-02,0.8220794407706494,0,0,0,0,0,0,0,0,0,0,0,0,0,0,0,0,0,1,0,none,,0,none,,,0,0,0,none,,0,none,,1,beginning,164,direction_and_magnitude_change,0,Trend Shift,none,0,0,0,0,0,1,0,0,0,0,0,0,0,0,0,0
2020-09-03,0.8114851671236143,0,0,0,0,0,0,0,0,0,0,0,0,0,0,0,0,0,1,0,none,,0,none,,,0,0,0,none,,0,none,,1,beginning,164,direction_and_magnitude_change,0,Trend Shift,none,0,0,0,0,0,1,0,0,0,0,0,0,0,0,0,0
2020-09-04,0.8104558236771428,0,0,0,0,0,0,0,0,0,0,0,0,0,0,0,0,0,1,0,none,,0,none,,,0,0,0,none,,0,none,,1,beginning,164,direction_and_magnitude_change,0,Trend Shift,none,0,0,0,0,0,1,0,0,0,0,0,0,0,0,0,0
2020-09-05,0.7999046813021496,0,0,0,0,0,0,0,0,0,0,0,0,0,0,0,0,0,1,0,none,,0,none,,,0,0,0,none,,0,none,,1,beginning,164,direction_and_magnitude_change,0,Trend Shift,none,0,0,0,0,0,1,0,0,0,0,0,0,0,0,0,0
2020-09-06,0.8042536922573338,0,0,0,0,0,0,0,0,0,0,0,0,0,0,0,0,0,1,0,none,,0,none,,,0,0,0,none,,0,none,,1,beginning,164,direction_and_magnitude_change,0,Trend Shift,none,0,0,0,0,0,1,0,0,0,0,0,0,0,0,0,0
2020-09-07,0.7922364736476095,0,0,0,0,0,0,0,0,0,0,0,0,0,0,0,0,0,1,0,none,,0,none,,,0,0,0,none,,0,none,,1,beginning,164,direction_and_magnitude_change,0,Trend Shift,none,0,0,0,0,0,1,0,0,0,0,0,0,0,0,0,0
2020-09-08,0.7880148938472195,0,0,0,0,0,0,0,0,0,0,0,0,0,0,0,0,0,1,0,none,,0,none,,,0,0,0,none,,0,none,,1,beginning,164,direction_and_magnitude_change,0,Trend Shift,none,0,0,0,0,0,1,0,0,0,0,0,0,0,0,0,0
2020-09-09,0.7849150611016841,0,0,0,0,0,0,0,0,0,0,0,0,0,0,0,0,0,1,0,none,,0,none,,,0,0,0,none,,0,none,,1,beginning,164,direction_and_magnitude_change,0,Trend Shift,none,0,0,0,0,0,1,0,0,0,0,0,0,0,0,0,0
2020-09-10,0.783748750242652,0,0,0,0,0,0,0,0,0,0,0,0,0,0,0,0,0,1,0,none,,0,none,,,0,0,0,none,,0,none,,1,beginning,164,direction_and_magnitude_change,0,Trend Shift,none,0,0,0,0,0,1,0,0,0,0,0,0,0,0,0,0
2020-09-11,0.7720298787160986,0,0,0,0,0,0,0,0,0,0,0,0,0,0,0,0,0,1,0,none,,0,none,,,0,0,0,none,,0,none,,1,beginning,164,direction_and_magnitude_change,0,Trend Shift,none,0,0,0,0,0,1,0,0,0,0,0,0,0,0,0,0
2020-09-12,0.769413689184501,0,0,0,0,0,0,0,0,0,0,0,0,0,0,0,0,0,1,0,none,,0,none,,,0,0,0,none,,0,none,,1,beginning,164,direction_and_magnitude_change,0,Trend Shift,none,0,0,0,0,0,1,0,0,0,0,0,0,0,0,0,0
2020-09-13,0.7644638579334111,0,0,0,0,0,0,0,0,0,0,0,0,0,0,0,0,0,1,0,none,,0,none,,,0,0,0,none,,0,none,,1,beginning,164,direction_and_magnitude_change,0,Trend Shift,none,0,0,0,0,0,1,0,0,0,0,0,0,0,0,0,0
2020-09-14,0.7561416831663913,0,0,0,0,0,0,0,0,0,0,0,0,0,0,0,0,0,1,0,none,,0,none,,,0,0,0,none,,0,none,,1,beginning,164,direction_and_magnitude_change,0,Trend Shift,none,0,0,0,0,0,1,0,0,0,0,0,0,0,0,0,0
2020-09-15,0.7482267678774779,0,0,0,0,0,0,0,0,0,0,0,0,0,0,0,0,0,1,0,none,,0,none,,,0,0,0,none,,0,none,,1,beginning,164,direction_and_magnitude_change,0,Trend Shift,none,0,0,0,0,0,1,0,0,0,0,0,0,0,0,0,0
2020-09-16,0.7487487681301442,0,0,0,0,0,0,0,0,0,0,0,0,0,0,0,0,0,1,0,none,,0,none,,,0,0,0,none,,0,none,,1,beginning,164,direction_and_magnitude_change,0,Trend Shift,none,0,0,0,0,0,1,0,0,0,0,0,0,0,0,0,0
2020-09-17,0.73673193194613,0,0,0,0,0,0,0,0,0,0,0,0,0,0,0,0,0,1,0,none,,0,none,,,0,0,0,none,,0,none,,1,beginning,164,direction_and_magnitude_change,0,Trend Shift,none,0,0,0,0,0,1,0,0,0,0,0,0,0,0,0,0
2020-09-18,0.7359230499723802,0,0,0,0,0,0,0,0,0,0,0,0,0,0,0,0,0,1,0,none,,0,none,,,0,0,0,none,,0,none,,1,beginning,164,direction_and_magnitude_change,0,Trend Shift,none,0,0,0,0,0,1,0,0,0,0,0,0,0,0,0,0
2020-09-19,0.730281109038799,0,0,0,0,0,0,0,0,0,0,0,0,0,0,0,0,0,1,0,none,,0,none,,,0,0,0,none,,0,none,,1,beginning,164,direction_and_magnitude_change,0,Trend Shift,none,0,0,0,0,0,1,0,0,0,0,0,0,0,0,0,0
2020-09-20,0.7261504950225072,0,0,0,0,0,0,0,0,0,0,0,0,0,0,0,0,0,1,0,none,,0,none,,,0,0,0,none,,0,none,,1,beginning,164,direction_and_magnitude_change,0,Trend Shift,none,0,0,0,0,0,1,0,0,0,0,0,0,0,0,0,0
2020-09-21,0.7249679755104999,0,0,0,0,0,0,0,0,0,0,0,0,0,0,0,0,0,1,0,none,,0,none,,,0,0,0,none,,0,none,,1,beginning,164,direction_and_magnitude_change,0,Trend Shift,none,0,0,0,0,0,1,0,0,0,0,0,0,0,0,0,0
2020-09-22,0.7165678479267881,0,0,0,0,0,0,0,0,0,0,0,0,0,0,0,0,0,1,0,none,,0,none,,,0,0,0,none,,0,none,,1,beginning,164,direction_and_magnitude_change,0,Trend Shift,none,0,0,0,0,0,1,0,0,0,0,0,0,0,0,0,0
2020-09-23,0.7172814637876429,0,0,0,0,0,0,0,0,0,0,0,0,0,0,0,0,0,1,0,none,,0,none,,,0,0,0,none,,0,none,,1,beginning,164,direction_and_magnitude_change,0,Trend Shift,none,0,0,0,0,0,1,0,0,0,0,0,0,0,0,0,0
2020-09-24,0.7060480059818286,0,0,0,0,0,0,0,0,0,0,0,0,0,0,0,0,0,1,0,none,,0,none,,,0,0,0,none,,0,none,,1,beginning,164,direction_and_magnitude_change,0,Trend Shift,none,0,0,0,0,0,1,0,0,0,0,0,0,0,0,0,0
2020-09-25,0.6967841123081733,0,0,0,0,0,0,0,0,0,0,0,0,0,0,0,0,0,1,0,none,,0,none,,,0,0,0,none,,0,none,,1,beginning,164,direction_and_magnitude_change,0,Trend Shift,none,0,0,0,0,0,1,0,0,0,0,0,0,0,0,0,0
2020-09-26,0.6953432154631461,0,0,0,0,0,0,0,0,0,0,0,0,0,0,0,0,0,1,0,none,,0,none,,,0,0,0,none,,0,none,,1,beginning,164,direction_and_magnitude_change,0,Trend Shift,none,0,0,0,0,0,1,0,0,0,0,0,0,0,0,0,0
2020-09-27,0.6841567998552553,0,0,0,0,0,0,0,0,0,0,0,0,0,0,0,0,0,1,0,none,,0,none,,,0,0,0,none,,0,none,,1,beginning,164,direction_and_magnitude_change,0,Trend Shift,none,0,0,0,0,0,1,0,0,0,0,0,0,0,0,0,0
2020-09-28,0.6799097967343611,0,0,0,0,0,0,0,0,0,0,0,0,0,0,0,0,0,1,0,none,,0,none,,,0,0,0,none,,0,none,,1,beginning,164,direction_and_magnitude_change,0,Trend Shift,none,0,0,0,0,0,1,0,0,0,0,0,0,0,0,0,0
2020-09-29,0.6732667600746071,0,0,0,0,0,0,0,0,0,0,0,0,0,0,0,0,0,1,0,none,,0,none,,,0,0,0,none,,0,none,,1,beginning,164,direction_and_magnitude_change,0,Trend Shift,none,0,0,0,0,0,1,0,0,0,0,0,0,0,0,0,0
2020-09-30,0.6704436885990546,0,0,0,0,0,0,0,0,0,0,0,0,0,0,0,0,0,1,0,none,,0,none,,,0,0,0,none,,0,none,,1,beginning,164,direction_and_magnitude_change,0,Trend Shift,none,0,0,0,0,0,1,0,0,0,0,0,0,0,0,0,0
2020-10-01,0.6682810662017952,0,0,0,0,0,0,0,0,0,0,0,0,0,0,0,0,0,1,0,none,,0,none,,,0,0,0,none,,0,none,,1,beginning,164,direction_and_magnitude_change,0,Trend Shift,none,0,0,0,0,0,1,0,0,0,0,0,0,0,0,0,0
2020-10-02,0.6586615725139165,0,0,0,0,0,0,0,0,0,0,0,0,0,0,0,0,0,1,0,none,,0,none,,,0,0,0,none,,0,none,,1,beginning,164,direction_and_magnitude_change,0,Trend Shift,none,0,0,0,0,0,1,0,0,0,0,0,0,0,0,0,0
2020-10-03,0.6599854385716928,0,0,0,0,0,0,0,0,0,0,0,0,0,0,0,0,0,1,0,none,,0,none,,,0,0,0,none,,0,none,,1,beginning,164,direction_and_magnitude_change,0,Trend Shift,none,0,0,0,0,0,1,0,0,0,0,0,0,0,0,0,0
2020-10-04,0.6518081772100228,0,0,0,0,0,0,0,0,0,0,0,0,0,0,0,0,0,1,0,none,,0,none,,,0,0,0,none,,0,none,,1,beginning,164,direction_and_magnitude_change,0,Trend Shift,none,0,0,0,0,0,1,0,0,0,0,0,0,0,0,0,0
2020-10-05,0.6517099328671769,0,0,0,0,0,0,0,0,0,0,0,0,0,0,0,0,0,1,0,none,,0,none,,,0,0,0,none,,0,none,,1,beginning,164,direction_and_magnitude_change,0,Trend Shift,none,0,0,0,0,0,1,0,0,0,0,0,0,0,0,0,0
2020-10-06,0.643792816477044,0,0,0,0,0,0,0,0,0,0,0,0,0,0,0,0,0,1,0,none,,0,none,,,0,0,0,none,,0,none,,1,beginning,164,direction_and_magnitude_change,0,Trend Shift,none,0,0,0,0,0,1,0,0,0,0,0,0,0,0,0,0
2020-10-07,0.6344102883707684,0,0,0,0,0,0,0,0,0,0,0,0,0,0,0,0,0,1,0,none,,0,none,,,0,0,0,none,,0,none,,1,beginning,164,direction_and_magnitude_change,0,Trend Shift,none,0,0,0,0,0,1,0,0,0,0,0,0,0,0,0,0
2020-10-08,0.6283812644322847,0,0,0,0,0,0,0,0,0,0,0,0,0,0,0,0,0,1,0,none,,0,none,,,0,0,0,none,,0,none,,1,beginning,164,direction_and_magnitude_change,0,Trend Shift,none,0,0,0,0,0,1,0,0,0,0,0,0,0,0,0,0
2020-10-09,0.628189510532245,0,0,0,0,0,0,0,0,0,0,0,0,0,0,0,0,0,1,0,none,,0,none,,,0,0,0,none,,0,none,,1,beginning,164,direction_and_magnitude_change,0,Trend Shift,none,0,0,0,0,0,1,0,0,0,0,0,0,0,0,0,0
2020-10-10,0.6101529611986956,0,0,0,0,0,0,0,0,0,0,0,0,0,0,0,0,0,1,0,none,,0,none,,,0,0,0,none,,0,none,,1,beginning,164,direction_and_magnitude_change,0,Trend Shift,none,0,0,0,0,0,1,0,0,0,0,0,0,0,0,0,0
2020-10-11,0.6068937855169604,0,0,0,0,0,0,0,0,0,0,0,0,0,0,0,0,0,1,0,none,,0,none,,,0,0,0,none,,0,none,,1,beginning,164,direction_and_magnitude_change,0,Trend Shift,none,0,0,0,0,0,1,0,0,0,0,0,0,0,0,0,0
2020-10-12,0.6076997069901408,0,0,0,0,0,0,0,0,0,0,0,0,0,0,0,0,0,1,0,none,,0,none,,,0,0,0,none,,0,none,,1,beginning,164,direction_and_magnitude_change,0,Trend Shift,none,0,0,0,0,0,1,0,0,0,0,0,0,0,0,0,0
2020-10-13,0.6069595701210247,0,0,0,0,0,0,0,0,0,0,0,0,0,0,0,0,0,1,0,none,,0,none,,,0,0,0,none,,0,none,,1,beginning,164,direction_and_magnitude_change,0,Trend Shift,none,0,0,0,0,0,1,0,0,0,0,0,0,0,0,0,0
2020-10-14,0.5899434968429855,0,0,0,0,0,0,0,0,0,0,0,0,0,0,0,0,0,1,0,none,,0,none,,,0,0,0,none,,0,none,,1,beginning,164,direction_and_magnitude_change,0,Trend Shift,none,0,0,0,0,0,1,0,0,0,0,0,0,0,0,0,0
2020-10-15,0.5937726166425512,0,0,0,0,0,0,0,0,0,0,0,0,0,0,0,0,0,1,0,none,,0,none,,,0,0,0,none,,0,none,,1,beginning,164,direction_and_magnitude_change,0,Trend Shift,none,0,0,0,0,0,1,0,0,0,0,0,0,0,0,0,0
2020-10-16,0.5844765001996893,0,0,0,0,0,0,0,0,0,0,0,0,0,0,0,0,0,1,0,none,,0,none,,,0,0,0,none,,0,none,,1,beginning,164,direction_and_magnitude_change,0,Trend Shift,none,0,0,0,0,0,1,0,0,0,0,0,0,0,0,0,0
2020-10-17,0.5833845908503573,0,0,0,0,0,0,0,0,0,0,0,0,0,0,0,0,0,1,0,none,,0,none,,,0,0,0,none,,0,none,,1,beginning,164,direction_and_magnitude_change,0,Trend Shift,none,0,0,0,0,0,1,0,0,0,0,0,0,0,0,0,0
2020-10-18,0.5717249036920489,0,0,0,0,0,0,0,0,0,0,0,0,0,0,0,0,0,1,0,none,,0,none,,,0,0,0,none,,0,none,,1,beginning,164,direction_and_magnitude_change,0,Trend Shift,none,0,0,0,0,0,1,0,0,0,0,0,0,0,0,0,0
2020-10-19,0.5746238106979675,0,0,0,0,0,0,0,0,0,0,0,0,0,0,0,0,0,1,0,none,,0,none,,,0,0,0,none,,0,none,,1,beginning,164,direction_and_magnitude_change,0,Trend Shift,none,0,0,0,0,0,1,0,0,0,0,0,0,0,0,0,0
2020-10-20,0.5615927487984236,0,0,0,0,0,0,0,0,0,0,0,0,0,0,0,0,0,1,0,none,,0,none,,,0,0,0,none,,0,none,,1,beginning,164,direction_and_magnitude_change,0,Trend Shift,none,0,0,0,0,0,1,0,0,0,0,0,0,0,0,0,0
2020-10-21,0.5611178741654647,0,0,0,0,0,0,0,0,0,0,0,0,0,0,0,0,0,1,0,none,,0,none,,,0,0,0,none,,0,none,,1,beginning,164,direction_and_magnitude_change,0,Trend Shift,none,0,0,0,0,0,1,0,0,0,0,0,0,0,0,0,0
2020-10-22,0.5541404140175314,0,0,0,0,0,0,0,0,0,0,0,0,0,0,0,0,0,1,0,none,,0,none,,,0,0,0,none,,0,none,,1,beginning,164,direction_and_magnitude_change,0,Trend Shift,none,0,0,0,0,0,1,0,0,0,0,0,0,0,0,0,0
2020-10-23,0.5500770948238223,0,0,0,0,0,0,0,0,0,0,0,0,0,0,0,0,0,1,0,none,,0,none,,,0,0,0,none,,0,none,,1,beginning,164,direction_and_magnitude_change,0,Trend Shift,none,0,0,0,0,0,1,0,0,0,0,0,0,0,0,0,0
2020-10-24,0.5450588443790781,0,0,0,0,0,0,0,0,0,0,0,0,0,0,0,0,0,1,0,none,,0,none,,,0,0,0,none,,0,none,,1,beginning,164,direction_and_magnitude_change,0,Trend Shift,none,0,0,0,0,0,1,0,0,0,0,0,0,0,0,0,0
2020-10-25,0.5416899990609803,0,0,0,0,0,0,0,0,0,0,0,0,0,0,0,0,0,1,0,none,,0,none,,,0,0,0,none,,0,none,,1,beginning,164,direction_and_magnitude_change,0,Trend Shift,none,0,0,0,0,0,1,0,0,0,0,0,0,0,0,0,0
2020-10-26,0.5333616445301793,0,0,0,0,0,0,0,0,0,0,0,0,0,0,0,0,0,1,0,none,,0,none,,,0,0,0,none,,0,none,,1,beginning,164,direction_and_magnitude_change,0,Trend Shift,none,0,0,0,0,0,1,0,0,0,0,0,0,0,0,0,0
2020-10-27,0.5335775786465068,0,0,0,0,0,0,0,0,0,0,0,0,0,0,0,0,0,1,0,none,,0,none,,,0,0,0,none,,0,none,,1,beginning,164,direction_and_magnitude_change,0,Trend Shift,none,0,0,0,0,0,1,0,0,0,0,0,0,0,0,0,0
2020-10-28,0.52213130407608,0,0,0,0,0,0,0,0,0,0,0,0,0,0,0,0,0,1,0,none,,0,none,,,0,0,0,none,,0,none,,1,beginning,164,direction_and_magnitude_change,0,Trend Shift,none,0,0,0,0,0,1,0,0,0,0,0,0,0,0,0,0
2020-10-29,0.5203573500931354,0,0,0,0,0,0,0,0,0,0,0,0,0,0,0,0,0,1,0,none,,0,none,,,0,0,0,none,,0,none,,1,beginning,164,direction_and_magnitude_change,0,Trend Shift,none,0,0,0,0,0,1,0,0,0,0,0,0,0,0,0,0
2020-10-30,0.5135034725495469,0,0,0,0,0,0,0,0,0,0,0,0,0,0,0,0,0,1,0,none,,0,none,,,0,0,0,none,,0,none,,1,beginning,164,direction_and_magnitude_change,0,Trend Shift,none,0,0,0,0,0,1,0,0,0,0,0,0,0,0,0,0
2020-10-31,0.5145137811494862,0,0,0,0,0,0,0,0,0,0,0,0,0,0,0,0,0,1,0,none,,0,none,,,0,0,0,none,,0,none,,1,beginning,164,direction_and_magnitude_change,0,Trend Shift,none,0,0,0,0,0,1,0,0,0,0,0,0,0,0,0,0
2020-11-01,0.5079235084450033,0,0,0,0,0,0,0,0,0,0,0,0,0,0,0,0,0,1,0,none,,0,none,,,0,0,0,none,,0,none,,1,beginning,164,direction_and_magnitude_change,0,Trend Shift,none,0,0,0,0,0,1,0,0,0,0,0,0,0,0,0,0
2020-11-02,0.49954405637515786,0,0,0,0,0,0,0,0,0,0,0,0,0,0,0,0,0,1,0,none,,0,none,,,0,0,0,none,,0,none,,1,beginning,164,direction_and_magnitude_change,0,Trend Shift,none,0,0,0,0,0,1,0,0,0,0,0,0,0,0,0,0
2020-11-03,0.5001998432936293,0,0,0,0,0,0,0,0,0,0,0,0,0,0,0,0,0,1,0,none,,0,none,,,0,0,0,none,,0,none,,1,beginning,164,direction_and_magnitude_change,0,Trend Shift,none,0,0,0,0,0,1,0,0,0,0,0,0,0,0,0,0
2020-11-04,0.49042868263348477,0,0,0,0,0,0,0,0,0,0,0,0,0,0,0,0,0,1,0,none,,0,none,,,0,0,0,none,,0,none,,1,beginning,164,direction_and_magnitude_change,0,Trend Shift,none,0,0,0,0,0,1,0,0,0,0,0,0,0,0,0,0
2020-11-05,0.4837163724843028,0,0,0,0,0,0,0,0,0,0,0,0,0,0,0,0,0,1,0,none,,0,none,,,0,0,0,none,,0,none,,1,beginning,164,direction_and_magnitude_change,0,Trend Shift,none,0,0,0,0,0,1,0,0,0,0,0,0,0,0,0,0
2020-11-06,0.47910680750534,0,0,0,0,0,0,0,0,0,0,0,0,0,0,0,0,0,1,0,none,,0,none,,,0,0,0,none,,0,none,,1,beginning,164,direction_and_magnitude_change,0,Trend Shift,none,0,0,0,0,0,1,0,0,0,0,0,0,0,0,0,0
2020-11-07,0.4712630586629395,0,0,0,0,0,0,0,0,0,0,0,0,0,0,0,0,0,1,0,none,,0,none,,,0,0,0,none,,0,none,,1,beginning,164,direction_and_magnitude_change,0,Trend Shift,none,0,0,0,0,0,1,0,0,0,0,0,0,0,0,0,0
2020-11-08,0.4681831427431564,0,0,0,0,0,0,0,0,0,0,0,0,0,0,0,0,0,1,0,none,,0,none,,,0,0,0,none,,0,none,,1,beginning,164,direction_and_magnitude_change,0,Trend Shift,none,0,0,0,0,0,1,0,0,0,0,0,0,0,0,0,0
2020-11-09,0.45007337825717625,0,0,0,0,0,0,0,0,0,0,0,0,0,0,0,0,0,1,0,none,,0,none,,,0,0,0,none,,0,none,,1,beginning,164,direction_and_magnitude_change,0,Trend Shift,none,0,0,0,0,0,1,0,0,0,0,0,0,0,0,0,0
2020-11-10,0.45527572917339676,0,0,0,0,0,0,0,0,0,0,0,0,0,0,0,0,0,1,0,none,,0,none,,,0,0,0,none,,0,none,,1,beginning,164,direction_and_magnitude_change,0,Trend Shift,none,0,0,0,0,0,1,0,0,0,0,0,0,0,0,0,0
2020-11-11,0.4463786456635174,0,0,0,0,0,0,0,0,0,0,0,0,0,0,0,0,0,1,0,none,,0,none,,,0,0,0,none,,0,none,,1,beginning,164,direction_and_magnitude_change,0,Trend Shift,none,0,0,0,0,0,1,0,0,0,0,0,0,0,0,0,0
2020-11-12,0.4455981450163961,0,0,0,0,0,0,0,0,0,0,0,0,0,0,0,0,0,1,0,none,,0,none,,,0,0,0,none,,0,none,,1,beginning,164,direction_and_magnitude_change,0,Trend Shift,none,0,0,0,0,0,1,0,0,0,0,0,0,0,0,0,0
2020-11-13,0.4309641161934419,0,0,0,0,0,0,0,0,0,0,0,0,0,0,0,0,0,1,0,none,,0,none,,,0,0,0,none,,0,none,,1,beginning,164,direction_and_magnitude_change,0,Trend Shift,none,0,0,0,0,0,1,0,0,0,0,0,0,0,0,0,0
2020-11-14,0.43580390286669773,0,0,0,0,0,0,0,0,0,0,0,0,0,0,0,0,0,1,0,none,,0,none,,,0,0,0,none,,0,none,,1,beginning,164,direction_and_magnitude_change,0,Trend Shift,none,0,0,0,0,0,1,0,0,0,0,0,0,0,0,0,0
2020-11-15,0.4333542763132746,0,0,0,0,0,0,0,0,0,0,0,0,0,0,0,0,0,1,0,none,,0,none,,,0,0,0,none,,0,none,,1,beginning,164,direction_and_magnitude_change,0,Trend Shift,none,0,0,0,0,0,1,0,0,0,0,0,0,0,0,0,0
2020-11-16,0.4262528738736865,0,0,0,0,0,0,0,0,0,0,0,0,0,0,0,0,0,1,0,none,,0,none,,,0,0,0,none,,0,none,,1,beginning,164,direction_and_magnitude_change,0,Trend Shift,none,0,0,0,0,0,1,0,0,0,0,0,0,0,0,0,0
2020-11-17,0.41988452433496926,0,0,0,0,0,0,0,0,0,0,0,0,0,0,0,0,0,1,0,none,,0,none,,,0,0,0,none,,0,none,,1,beginning,164,direction_and_magnitude_change,0,Trend Shift,none,0,0,0,0,0,1,0,0,0,0,0,0,0,0,0,0
2020-11-18,0.4187211741172623,0,0,0,0,0,0,0,0,0,0,0,0,0,0,0,0,0,1,0,none,,0,none,,,0,0,0,none,,0,none,,1,beginning,164,direction_and_magnitude_change,0,Trend Shift,none,0,0,0,0,0,1,0,0,0,0,0,0,0,0,0,0
2020-11-19,0.4104161273434676,0,0,0,0,0,0,0,0,0,0,0,0,0,0,0,0,0,1,0,none,,0,none,,,0,0,0,none,,0,none,,1,beginning,164,direction_and_magnitude_change,0,Trend Shift,none,0,0,0,0,0,1,0,0,0,0,0,0,0,0,0,0
2020-11-20,0.40340008664438604,0,0,0,0,0,0,0,0,0,0,0,0,0,0,0,0,0,1,0,none,,0,none,,,0,0,0,none,,0,none,,1,beginning,164,direction_and_magnitude_change,0,Trend Shift,none,0,0,0,0,0,1,0,0,0,0,0,0,0,0,0,0
2020-11-21,0.39626159953251566,0,0,0,0,0,0,0,0,0,0,0,0,0,0,0,0,0,1,0,none,,0,none,,,0,0,0,none,,0,none,,1,beginning,164,direction_and_magnitude_change,0,Trend Shift,none,0,0,0,0,0,1,0,0,0,0,0,0,0,0,0,0
2020-11-22,0.39308584466238994,0,0,0,0,0,0,0,0,0,0,0,0,0,0,0,0,0,1,0,none,,0,none,,,0,0,0,none,,0,none,,1,beginning,164,direction_and_magnitude_change,0,Trend Shift,none,0,0,0,0,0,1,0,0,0,0,0,0,0,0,0,0
2020-11-23,0.38681166960447666,0,0,0,0,0,0,0,0,0,0,0,0,0,0,0,0,0,1,0,none,,0,none,,,0,0,0,none,,0,none,,1,beginning,164,direction_and_magnitude_change,0,Trend Shift,none,0,0,0,0,0,1,0,0,0,0,0,0,0,0,0,0
2020-11-24,0.37912649612508037,0,0,0,0,0,0,0,0,0,0,0,0,0,0,0,0,0,1,0,none,,0,none,,,0,0,0,none,,0,none,,1,beginning,164,direction_and_magnitude_change,0,Trend Shift,none,0,0,0,0,0,1,0,0,0,0,0,0,0,0,0,0
2020-11-25,0.37343651942359757,0,0,0,0,0,0,0,0,0,0,0,0,0,0,0,0,0,1,0,none,,0,none,,,0,0,0,none,,0,none,,1,beginning,164,direction_and_magnitude_change,0,Trend Shift,none,0,0,0,0,0,1,0,0,0,0,0,0,0,0,0,0
2020-11-26,0.36691487307342363,0,0,0,0,0,0,0,0,0,0,0,0,0,0,0,0,0,1,0,none,,0,none,,,0,0,0,none,,0,none,,1,beginning,164,direction_and_magnitude_change,0,Trend Shift,none,0,0,0,0,0,1,0,0,0,0,0,0,0,0,0,0
2020-11-27,0.3671508763283352,0,0,0,0,0,0,0,0,0,0,0,0,0,0,0,0,0,1,0,none,,0,none,,,0,0,0,none,,0,none,,1,beginning,164,direction_and_magnitude_change,0,Trend Shift,none,0,0,0,0,0,1,0,0,0,0,0,0,0,0,0,0
2020-11-28,0.35502051773581483,0,0,0,0,0,0,0,0,0,0,0,0,0,0,0,0,0,1,0,none,,0,none,,,0,0,0,none,,0,none,,1,beginning,164,direction_and_magnitude_change,0,Trend Shift,none,0,0,0,0,0,1,0,0,0,0,0,0,0,0,0,0
2020-11-29,0.35583501623888314,0,0,0,0,0,0,0,0,0,0,0,0,0,0,0,0,0,1,0,none,,0,none,,,0,0,0,none,,0,none,,1,beginning,164,direction_and_magnitude_change,0,Trend Shift,none,0,0,0,0,0,1,0,0,0,0,0,0,0,0,0,0
2020-11-30,0.3443288294805368,0,0,0,0,0,0,0,0,0,0,0,0,0,0,0,0,0,1,0,none,,0,none,,,0,0,0,none,,0,none,,1,beginning,164,direction_and_magnitude_change,0,Trend Shift,none,0,0,0,0,0,1,0,0,0,0,0,0,0,0,0,0
2020-12-01,0.34233275192195783,0,0,0,0,0,0,0,0,0,0,0,0,0,0,0,0,0,1,0,none,,0,none,,,0,0,0,none,,0,none,,1,beginning,164,direction_and_magnitude_change,0,Trend Shift,none,0,0,0,0,0,1,0,0,0,0,0,0,0,0,0,0
2020-12-02,0.33350807509338537,0,0,0,0,0,0,0,0,0,0,0,0,0,0,0,0,0,1,0,none,,0,none,,,0,0,0,none,,0,none,,1,beginning,164,direction_and_magnitude_change,0,Trend Shift,none,0,0,0,0,0,1,0,0,0,0,0,0,0,0,0,0
2020-12-03,0.3408228052649589,0,0,0,0,0,0,0,0,0,0,0,0,0,0,0,0,0,1,0,none,,0,none,,,0,0,0,none,,0,none,,1,beginning,164,direction_and_magnitude_change,0,Trend Shift,none,0,0,0,0,0,1,0,0,0,0,0,0,0,0,0,0
2020-12-04,0.32749126025574565,0,0,0,0,0,0,0,0,0,0,0,0,0,0,0,0,0,1,0,none,,0,none,,,0,0,0,none,,0,none,,1,beginning,164,direction_and_magnitude_change,0,Trend Shift,none,0,0,0,0,0,1,0,0,0,0,0,0,0,0,0,0
2020-12-05,0.32643663122031025,0,0,0,0,0,0,0,0,0,0,0,0,0,0,0,0,0,1,0,none,,0,none,,,0,0,0,none,,0,none,,1,beginning,164,direction_and_magnitude_change,0,Trend Shift,none,0,0,0,0,0,1,0,0,0,0,0,0,0,0,0,0
2020-12-06,0.32008491195415834,0,0,0,0,0,0,0,0,0,0,0,0,0,0,0,0,0,1,0,none,,0,none,,,0,0,0,none,,0,none,,1,beginning,164,direction_and_magnitude_change,0,Trend Shift,none,0,0,0,0,0,1,0,0,0,0,0,0,0,0,0,0
2020-12-07,0.3089446767468049,0,0,0,0,0,0,0,0,0,0,0,0,0,0,0,0,0,1,0,none,,0,none,,,0,0,0,none,,0,none,,1,beginning,164,direction_and_magnitude_change,0,Trend Shift,none,0,0,0,0,0,1,0,0,0,0,0,0,0,0,0,0
2020-12-08,0.30756944820667,0,0,0,0,0,0,0,0,0,0,0,0,0,0,0,0,0,1,0,none,,0,none,,,0,0,0,none,,0,none,,1,beginning,164,direction_and_magnitude_change,0,Trend Shift,none,0,0,0,0,0,1,0,0,0,0,0,0,0,0,0,0
2020-12-09,0.3085458040282973,0,0,0,0,0,0,0,0,0,0,0,0,0,0,0,0,0,1,0,none,,0,none,,,0,0,0,none,,0,none,,1,beginning,164,direction_and_magnitude_change,0,Trend Shift,none,0,0,0,0,0,1,0,0,0,0,0,0,0,0,0,0
2020-12-10,0.2917529177119657,0,0,0,0,0,0,0,0,0,0,0,0,0,0,0,0,0,1,0,none,,0,none,,,0,0,0,none,,0,none,,1,beginning,164,direction_and_magnitude_change,0,Trend Shift,none,0,0,0,0,0,1,0,0,0,0,0,0,0,0,0,0
2020-12-11,0.2915561320216849,0,0,0,0,0,0,0,0,0,0,0,0,0,0,0,0,0,1,0,none,,0,none,,,0,0,0,none,,0,none,,1,beginning,164,direction_and_magnitude_change,0,Trend Shift,none,0,0,0,0,0,1,0,0,0,0,0,0,0,0,0,0
2020-12-12,0.28239043733244074,0,0,0,0,0,0,0,0,0,0,0,0,0,0,0,0,0,1,0,none,,0,none,,,0,0,0,none,,0,none,,1,beginning,164,direction_and_magnitude_change,0,Trend Shift,none,0,0,0,0,0,1,0,0,0,0,0,0,0,0,0,0
2020-12-13,0.28322265744854996,0,0,0,0,0,0,0,0,0,0,0,0,0,0,0,0,0,1,0,none,,0,none,,,0,0,0,none,,0,none,,1,beginning,164,direction_and_magnitude_change,0,Trend Shift,none,0,0,0,0,0,1,0,0,0,0,0,0,0,0,0,0
2020-12-14,0.2794981589613931,0,0,0,0,0,0,0,0,0,0,0,0,0,0,0,0,0,1,0,none,,0,none,,,0,0,0,none,,0,none,,1,beginning,164,direction_and_magnitude_change,0,Trend Shift,none,0,0,0,0,0,1,0,0,0,0,0,0,0,0,0,0
2020-12-15,0.27221767091210397,0,0,0,0,0,0,0,0,0,0,0,0,0,0,0,0,0,1,0,none,,0,none,,,0,0,0,none,,0,none,,1,beginning,164,direction_and_magnitude_change,0,Trend Shift,none,0,0,0,0,0,1,0,0,0,0,0,0,0,0,0,0
2020-12-16,0.2650580720148432,0,0,0,0,0,0,0,0,0,0,0,0,0,0,0,0,0,1,0,none,,0,none,,,0,0,0,none,,0,none,,1,beginning,164,direction_and_magnitude_change,0,Trend Shift,none,0,0,0,0,0,1,0,0,0,0,0,0,0,0,0,0
2020-12-17,0.26556482883262356,0,0,0,0,0,0,0,0,0,0,0,0,0,0,0,0,0,1,0,none,,0,none,,,0,0,0,none,,0,none,,1,beginning,164,direction_and_magnitude_change,0,Trend Shift,none,0,0,0,0,0,1,0,0,0,0,0,0,0,0,0,0
2020-12-18,0.2564133067513945,0,0,0,0,0,0,0,0,0,0,0,0,0,0,0,0,0,1,0,none,,0,none,,,0,0,0,none,,0,none,,1,beginning,164,direction_and_magnitude_change,0,Trend Shift,none,0,0,0,0,0,1,0,0,0,0,0,0,0,0,0,0
2020-12-19,0.25542938479348753,0,0,0,0,0,0,0,0,0,0,0,0,0,0,0,0,0,1,0,none,,0,none,,,0,0,0,none,,0,none,,1,beginning,164,direction_and_magnitude_change,0,Trend Shift,none,0,0,0,0,0,1,0,0,0,0,0,0,0,0,0,0
2020-12-20,0.23857495297826553,0,0,0,0,0,0,0,0,0,0,0,0,0,0,0,0,0,1,0,none,,0,none,,,0,0,0,none,,0,none,,1,beginning,164,direction_and_magnitude_change,0,Trend Shift,none,0,0,0,0,0,1,0,0,0,0,0,0,0,0,0,0
2020-12-21,0.24152554125254294,0,0,0,0,0,0,0,0,0,0,0,0,0,0,0,0,0,1,0,none,,0,none,,,0,0,0,none,,0,none,,1,beginning,164,direction_and_magnitude_change,0,Trend Shift,none,0,0,0,0,0,1,0,0,0,0,0,0,0,0,0,0
2020-12-22,0.23343850893832432,0,0,0,0,0,0,0,0,0,0,0,0,0,0,0,0,0,1,0,none,,0,none,,,0,0,0,none,,0,none,,1,beginning,164,direction_and_magnitude_change,0,Trend Shift,none,0,0,0,0,0,1,0,0,0,0,0,0,0,0,0,0
2020-12-23,0.23276632316727122,0,0,0,0,0,0,0,0,0,0,0,0,0,0,0,0,0,1,0,none,,0,none,,,0,0,0,none,,0,none,,1,beginning,164,direction_and_magnitude_change,0,Trend Shift,none,0,0,0,0,0,1,0,0,0,0,0,0,0,0,0,0
2020-12-24,0.21965688764541358,0,0,0,0,0,0,0,0,0,0,0,0,0,0,0,0,0,1,0,none,,0,none,,,0,0,0,none,,0,none,,1,beginning,164,direction_and_magnitude_change,0,Trend Shift,none,0,0,0,0,0,1,0,0,0,0,0,0,0,0,0,0
2020-12-25,0.21399990284426282,0,0,0,0,0,0,0,0,0,0,0,0,0,0,0,0,0,1,0,none,,0,none,,,0,0,0,none,,0,none,,1,beginning,164,direction_and_magnitude_change,0,Trend Shift,none,0,0,0,0,0,1,0,0,0,0,0,0,0,0,0,0
2020-12-26,0.2111164080125417,0,0,0,0,0,0,0,0,0,0,0,0,0,0,0,0,0,1,0,none,,0,none,,,0,0,0,none,,0,none,,1,beginning,164,direction_and_magnitude_change,0,Trend Shift,none,0,0,0,0,0,1,0,0,0,0,0,0,0,0,0,0
2020-12-27,0.20815422997262298,0,0,0,0,0,0,0,0,0,0,0,0,0,0,0,0,0,1,0,none,,0,none,,,0,0,0,none,,0,none,,1,beginning,164,direction_and_magnitude_change,0,Trend Shift,none,0,0,0,0,0,1,0,0,0,0,0,0,0,0,0,0
2020-12-28,0.19652825402499952,0,0,0,0,0,0,0,0,0,0,0,0,0,0,0,0,0,1,0,none,,0,none,,,0,0,0,none,,0,none,,1,beginning,164,direction_and_magnitude_change,0,Trend Shift,none,0,0,0,0,0,1,0,0,0,0,0,0,0,0,0,0
2020-12-29,0.19453808557022564,0,0,0,0,0,0,0,0,0,0,0,0,0,0,0,0,0,1,0,none,,0,none,,,0,0,0,none,,0,none,,1,beginning,164,direction_and_magnitude_change,0,Trend Shift,none,0,0,0,0,0,1,0,0,0,0,0,0,0,0,0,0
2020-12-30,0.19202840864734852,0,0,0,0,0,0,0,0,0,0,0,0,0,0,0,0,0,1,0,none,,0,none,,,0,0,0,none,,0,none,,1,beginning,164,direction_and_magnitude_change,0,Trend Shift,none,0,0,0,0,0,1,0,0,0,0,0,0,0,0,0,0
2020-12-31,0.18631552726708844,0,0,0,0,0,0,0,0,0,0,0,0,0,0,0,0,0,1,0,none,,0,none,,,0,0,0,none,,0,none,,1,beginning,164,direction_and_magnitude_change,0,Trend Shift,none,0,0,0,0,0,1,0,0,0,0,0,0,0,0,0,0
2021-01-01,0.18051561206182146,0,0,0,0,0,0,0,0,0,0,0,0,0,0,0,0,0,1,0,none,,0,none,,,0,0,0,none,,0,none,,1,beginning,164,direction_and_magnitude_change,0,Trend Shift,none,0,0,0,0,0,1,0,0,0,0,0,0,0,0,0,0
2021-01-02,0.1718534340243517,0,0,0,0,0,0,0,0,0,0,0,0,0,0,0,0,0,1,0,none,,0,none,,,0,0,0,none,,0,none,,1,beginning,164,direction_and_magnitude_change,0,Trend Shift,none,0,0,0,0,0,1,0,0,0,0,0,0,0,0,0,0
2021-01-03,0.16931911724082474,0,0,0,0,0,0,0,0,0,0,0,0,0,0,0,0,0,1,0,none,,0,none,,,0,0,0,none,,0,none,,1,beginning,164,direction_and_magnitude_change,0,Trend Shift,none,0,0,0,0,0,1,0,0,0,0,0,0,0,0,0,0
2021-01-04,0.16159514375281378,0,0,0,0,0,0,0,0,0,0,0,0,0,0,0,0,0,1,0,none,,0,none,,,0,0,0,none,,0,none,,1,beginning,164,direction_and_magnitude_change,0,Trend Shift,none,0,0,0,0,0,1,0,0,0,0,0,0,0,0,0,0
2021-01-05,0.16276000778825142,0,0,0,0,0,0,0,0,0,0,0,0,0,0,0,0,0,1,0,none,,0,none,,,0,0,0,none,,0,none,,1,beginning,164,direction_and_magnitude_change,0,Trend Shift,none,0,0,0,0,0,1,0,0,0,0,0,0,0,0,0,0
2021-01-06,0.15311517260816063,0,0,0,0,0,0,0,0,0,0,0,0,0,0,0,0,0,1,0,none,,0,none,,,0,0,0,none,,0,none,,1,beginning,164,direction_and_magnitude_change,0,Trend Shift,none,0,0,0,0,0,1,0,0,0,0,0,0,0,0,0,0
2021-01-07,0.14815858554198386,0,0,0,0,0,0,0,0,0,0,0,0,0,0,0,0,0,1,0,none,,0,none,,,0,0,0,none,,0,none,,1,beginning,164,direction_and_magnitude_change,0,Trend Shift,none,0,0,0,0,0,1,0,0,0,0,0,0,0,0,0,0
2021-01-08,0.1377498921208737,0,0,0,0,0,0,0,0,0,0,0,0,0,0,0,0,0,1,0,none,,0,none,,,0,0,0,none,,0,none,,1,beginning,164,direction_and_magnitude_change,0,Trend Shift,none,0,0,0,0,0,1,0,0,0,0,0,0,0,0,0,0
2021-01-09,0.14133647933165783,0,0,0,0,0,0,0,0,0,0,0,0,0,0,0,0,0,1,0,none,,0,none,,,0,0,0,none,,0,none,,1,beginning,164,direction_and_magnitude_change,0,Trend Shift,none,0,0,0,0,0,1,0,0,0,0,0,0,0,0,0,0
2021-01-10,0.13858867450510892,0,0,0,0,0,0,0,0,0,0,0,0,0,0,0,0,0,1,0,none,,0,none,,,0,0,0,none,,0,none,,1,beginning,164,direction_and_magnitude_change,0,Trend Shift,none,0,0,0,0,0,1,0,0,0,0,0,0,0,0,0,0
2021-01-11,0.13015952177765636,0,0,0,0,0,0,0,0,0,0,0,0,0,0,0,0,0,1,0,none,,0,none,,,0,0,0,none,,0,none,,1,beginning,164,direction_and_magnitude_change,0,Trend Shift,none,0,0,0,0,0,1,0,0,0,0,0,0,0,0,0,0
2021-01-12,0.11477633667332464,0,0,0,0,0,0,0,0,0,0,0,0,0,0,0,0,0,1,0,none,,0,none,,,0,0,0,none,,0,none,,1,beginning,164,direction_and_magnitude_change,0,Trend Shift,none,0,0,0,0,0,1,0,0,0,0,0,0,0,0,0,0
2021-01-13,0.12368124273849004,0,0,0,0,0,0,0,0,0,0,0,0,0,0,0,0,0,1,0,none,,0,none,,,0,0,0,none,,0,none,,1,beginning,164,direction_and_magnitude_change,0,Trend Shift,none,0,0,0,0,0,1,0,0,0,0,0,0,0,0,0,0
2021-01-14,0.10916408254521817,0,0,0,0,0,0,0,0,0,0,0,0,0,0,0,0,0,1,0,none,,0,none,,,0,0,0,none,,0,none,,1,beginning,164,direction_and_magnitude_change,0,Trend Shift,none,0,0,0,0,0,1,0,0,0,0,0,0,0,0,0,0
2021-01-15,0.10751086977075962,0,0,0,0,0,0,0,0,0,0,0,0,0,0,0,0,0,1,0,none,,0,none,,,0,0,0,none,,0,none,,1,beginning,164,direction_and_magnitude_change,0,Trend Shift,none,0,0,0,0,0,1,0,0,0,0,0,0,0,0,0,0
2021-01-16,0.096002977945811,0,0,0,0,0,0,0,0,0,0,0,0,0,0,0,0,0,1,0,none,,0,none,,,0,0,0,none,,0,none,,1,beginning,164,direction_and_magnitude_change,0,Trend Shift,none,0,0,0,0,0,1,0,0,0,0,0,0,0,0,0,0
2021-01-17,0.09844299179702594,0,0,0,0,0,0,0,0,0,0,0,0,0,0,0,0,0,1,0,none,,0,none,,,0,0,0,none,,0,none,,1,beginning,164,direction_and_magnitude_change,0,Trend Shift,none,0,0,0,0,0,1,0,0,0,0,0,0,0,0,0,0
2021-01-18,0.09174598782057469,0,0,0,0,0,0,0,0,0,0,0,0,0,0,0,0,0,1,0,none,,0,none,,,0,0,0,none,,0,none,,1,beginning,164,direction_and_magnitude_change,0,Trend Shift,none,0,0,0,0,0,1,0,0,0,0,0,0,0,0,0,0
2021-01-19,0.08946013558867698,0,0,0,0,0,0,0,0,0,0,0,0,0,0,0,0,0,1,0,none,,0,none,,,0,0,0,none,,0,none,,1,beginning,164,direction_and_magnitude_change,0,Trend Shift,none,0,0,0,0,0,1,0,0,0,0,0,0,0,0,0,0
2021-01-20,0.07963251503933136,0,0,0,0,0,0,0,0,0,0,0,0,0,0,0,0,0,1,0,none,,0,none,,,0,0,0,none,,0,none,,1,beginning,164,direction_and_magnitude_change,0,Trend Shift,none,0,0,0,0,0,1,0,0,0,0,0,0,0,0,0,0
2021-01-21,0.07067976269328877,0,0,0,0,0,0,0,0,0,0,0,0,0,0,0,0,0,1,0,none,,0,none,,,0,0,0,none,,0,none,,1,beginning,164,direction_and_magnitude_change,0,Trend Shift,none,0,0,0,0,0,1,0,0,0,0,0,0,0,0,0,0
2021-01-22,0.0737242459762294,0,0,0,0,0,0,0,0,0,0,0,0,0,0,0,0,0,1,0,none,,0,none,,,0,0,0,none,,0,none,,1,beginning,164,direction_and_magnitude_change,0,Trend Shift,none,0,0,0,0,0,1,0,0,0,0,0,0,0,0,0,0
2021-01-23,0.06930399239633646,0,0,0,0,0,0,0,0,0,0,0,0,0,0,0,0,0,1,0,none,,0,none,,,0,0,0,none,,0,none,,1,beginning,164,direction_and_magnitude_change,0,Trend Shift,none,0,0,0,0,0,1,0,0,0,0,0,0,0,0,0,0
2021-01-24,0.0571255472198662,0,0,0,0,0,0,0,0,0,0,0,0,0,0,0,0,0,1,0,none,,0,none,,,0,0,0,none,,0,none,,1,beginning,164,direction_and_magnitude_change,0,Trend Shift,none,0,0,0,0,0,1,0,0,0,0,0,0,0,0,0,0
2021-01-25,0.05127781491970362,0,0,0,0,0,0,0,0,0,0,0,0,0,0,0,0,0,1,0,none,,0,none,,,0,0,0,none,,0,none,,1,beginning,164,direction_and_magnitude_change,0,Trend Shift,none,0,0,0,0,0,1,0,0,0,0,0,0,0,0,0,0
2021-01-26,0.051617573419818354,0,0,0,0,0,0,0,0,0,0,0,0,0,0,0,0,0,1,0,none,,0,none,,,0,0,0,none,,0,none,,1,beginning,164,direction_and_magnitude_change,0,Trend Shift,none,0,0,0,0,0,1,0,0,0,0,0,0,0,0,0,0
2021-01-27,0.041063408890743294,0,0,0,0,0,0,0,0,0,0,0,0,0,0,0,0,0,1,0,none,,0,none,,,0,0,0,none,,0,none,,1,beginning,164,direction_and_magnitude_change,0,Trend Shift,none,0,0,0,0,0,1,0,0,0,0,0,0,0,0,0,0
2021-01-28,0.03664510562082714,0,0,0,0,0,0,0,0,0,0,0,0,0,0,0,0,0,1,0,none,,0,none,,,0,0,0,none,,0,none,,1,beginning,164,direction_and_magnitude_change,0,Trend Shift,none,0,0,0,0,0,1,0,0,0,0,0,0,0,0,0,0
2021-01-29,0.029672429705428938,0,0,0,0,0,0,0,0,0,0,0,0,0,0,0,0,0,1,0,none,,0,none,,,0,0,0,none,,0,none,,1,beginning,164,direction_and_magnitude_change,0,Trend Shift,none,0,0,0,0,0,1,0,0,0,0,0,0,0,0,0,0
2021-01-30,0.02582289406815168,0,0,0,0,0,0,0,0,0,0,0,0,0,0,0,0,0,1,0,none,,0,none,,,0,0,0,none,,0,none,,1,beginning,164,direction_and_magnitude_change,0,Trend Shift,none,0,0,0,0,0,1,0,0,0,0,0,0,0,0,0,0
2021-01-31,0.021317912733862292,0,0,0,0,0,0,0,0,0,0,0,0,0,0,0,0,0,1,0,none,,0,none,,,0,0,0,none,,0,none,,1,beginning,164,direction_and_magnitude_change,0,Trend Shift,none,0,0,0,0,0,1,0,0,0,0,0,0,0,0,0,0
2021-02-01,0.011155075887509244,0,0,0,0,0,0,0,0,0,0,0,0,0,0,0,0,0,1,0,none,,0,none,,,0,0,0,none,,0,none,,1,beginning,164,direction_and_magnitude_change,0,Trend Shift,none,0,0,0,0,0,1,0,0,0,0,0,0,0,0,0,0
2021-02-02,0.0026641322235749373,0,0,0,0,0,0,0,0,0,0,0,0,0,0,0,0,0,1,0,none,,0,none,,,0,0,0,none,,0,none,,1,beginning,164,direction_and_magnitude_change,0,Trend Shift,none,0,0,0,0,0,1,0,0,0,0,0,0,0,0,0,0
2021-02-03,0.0033652113093639606,0,0,0,0,0,0,0,0,0,0,0,0,0,0,0,0,0,1,0,none,,0,none,,,0,0,0,none,,0,none,,1,beginning,164,direction_and_magnitude_change,0,Trend Shift,none,0,0,0,0,0,1,0,0,0,0,0,0,0,0,0,0
2021-02-04,0.0007659877260680007,0,0,0,0,0,0,0,0,0,0,0,0,0,0,0,0,0,1,0,none,,0,none,,,0,0,0,none,,0,none,,1,beginning,164,direction_and_magnitude_change,0,Trend Shift,none,0,0,0,0,0,1,0,0,0,0,0,0,0,0,0,0
2021-02-05,-0.00714151891780973,0,0,0,0,0,0,0,0,0,0,0,0,0,0,0,0,0,1,0,none,,0,none,,,0,0,0,none,,0,none,,1,beginning,164,direction_and_magnitude_change,0,Trend Shift,none,0,0,0,0,0,1,0,0,0,0,0,0,0,0,0,0
2021-02-06,-0.009918180729903556,0,0,0,0,0,0,0,0,0,0,0,0,0,0,0,0,0,1,0,none,,0,none,,,0,0,0,none,,0,none,,1,beginning,164,direction_and_magnitude_change,0,Trend Shift,none,0,0,0,0,0,1,0,0,0,0,0,0,0,0,0,0
2021-02-07,-0.015368486852995925,0,0,0,0,0,0,0,0,0,0,0,0,0,0,0,0,0,1,0,none,,0,none,,,0,0,0,none,,0,none,,1,beginning,164,direction_and_magnitude_change,0,Trend Shift,none,0,0,0,0,0,1,0,0,0,0,0,0,0,0,0,0
2021-02-08,-0.023899134873930573,0,0,0,0,0,0,0,0,0,0,0,0,0,0,0,0,0,1,0,none,,0,none,,,0,0,0,none,,0,none,,1,beginning,164,direction_and_magnitude_change,0,Trend Shift,none,0,0,0,0,0,1,0,0,0,0,0,0,0,0,0,0
2021-02-09,-0.024530886516630088,0,0,0,0,0,0,0,0,0,0,0,0,0,0,0,0,0,1,0,none,,0,none,,,0,0,0,none,,0,none,,1,beginning,164,direction_and_magnitude_change,0,Trend Shift,none,0,0,0,0,0,1,0,0,0,0,0,0,0,0,0,0
2021-02-10,-0.0272751539209782,0,0,0,0,0,0,0,0,0,0,0,0,0,0,0,0,0,1,0,none,,0,none,,,0,0,0,none,,0,none,,1,beginning,164,direction_and_magnitude_change,0,Trend Shift,none,0,0,0,0,0,1,0,0,0,0,0,0,0,0,0,0
2021-02-11,-0.03850369453704457,0,0,0,0,0,0,0,0,0,0,0,0,0,0,0,0,0,1,0,none,,0,none,,,0,0,0,none,,0,none,,1,beginning,164,direction_and_magnitude_change,0,Trend Shift,none,0,0,0,0,0,1,0,0,0,0,0,0,0,0,0,0
2021-02-12,-0.04355360361596756,0,0,0,0,0,0,0,0,0,0,0,0,0,0,0,0,0,1,0,none,,0,none,,,0,0,0,none,,0,none,,1,beginning,164,direction_and_magnitude_change,0,Trend Shift,none,0,0,0,0,0,1,0,0,0,0,0,0,0,0,0,0
2021-02-13,-0.04850242386144678,0,0,0,0,0,0,0,0,0,0,0,0,0,0,0,0,0,1,0,none,,0,none,,,0,0,0,none,,0,none,,1,beginning,164,direction_and_magnitude_change,0,Trend Shift,none,0,0,0,0,0,1,0,0,0,0,0,0,0,0,0,0
2021-02-14,-0.044506063489781054,0,0,0,0,0,0,0,0,0,0,0,0,0,0,0,0,0,1,0,none,,0,none,,,0,0,0,none,,0,none,,1,beginning,164,direction_and_magnitude_change,0,Trend Shift,none,0,0,0,0,0,1,0,0,0,0,0,0,0,0,0,0
2021-02-15,-0.06514736575731082,0,0,0,0,0,0,0,0,0,0,0,0,0,0,0,0,0,1,0,none,,0,none,,,0,0,0,none,,0,none,,1,beginning,164,direction_and_magnitude_change,0,Trend Shift,none,0,0,0,0,0,1,0,0,0,0,0,0,0,0,0,0
2021-02-16,-0.061364105039438205,0,0,0,0,0,0,0,0,0,0,0,0,0,0,0,0,0,1,0,none,,0,none,,,0,0,0,none,,0,none,,1,beginning,164,direction_and_magnitude_change,0,Trend Shift,none,0,0,0,0,0,1,0,0,0,0,0,0,0,0,0,0
2021-02-17,-0.07199154908346311,0,0,0,0,0,0,0,0,0,0,0,0,0,0,0,0,0,1,0,none,,0,none,,,0,0,0,none,,0,none,,1,beginning,164,direction_and_magnitude_change,0,Trend Shift,none,0,0,0,0,0,1,0,0,0,0,0,0,0,0,0,0
2021-02-18,-0.06766523893973214,0,0,0,0,0,0,0,0,0,0,0,0,0,0,0,0,0,1,0,none,,0,none,,,0,0,0,none,,0,none,,1,beginning,164,direction_and_magnitude_change,0,Trend Shift,none,0,0,0,0,0,1,0,0,0,0,0,0,0,0,0,0
2021-02-19,-0.07854458354925933,0,0,0,0,0,0,0,0,0,0,0,0,0,0,0,0,0,1,0,none,,0,none,,,0,0,0,none,,0,none,,1,beginning,164,direction_and_magnitude_change,0,Trend Shift,none,0,0,0,0,0,1,0,0,0,0,0,0,0,0,0,0
2021-02-20,-0.08422098049570788,0,0,0,0,0,0,0,0,0,0,0,0,0,0,0,0,0,1,0,none,,0,none,,,0,0,0,none,,0,none,,1,beginning,164,direction_and_magnitude_change,0,Trend Shift,none,0,0,0,0,0,1,0,0,0,0,0,0,0,0,0,0
2021-02-21,-0.0956135320628324,0,0,0,0,0,0,0,0,0,0,0,0,0,0,0,0,0,1,0,none,,0,none,,,0,0,0,none,,0,none,,1,beginning,164,direction_and_magnitude_change,0,Trend Shift,none,0,0,0,0,0,1,0,0,0,0,0,0,0,0,0,0
2021-02-22,-0.08902378258612327,0,0,0,0,0,0,0,0,0,0,0,0,0,0,0,0,0,1,0,none,,0,none,,,0,0,0,none,,0,none,,1,beginning,164,direction_and_magnitude_change,0,Trend Shift,none,0,0,0,0,0,1,0,0,0,0,0,0,0,0,0,0
2021-02-23,-0.09998579791246136,0,0,0,0,0,0,0,0,0,0,0,0,0,0,0,0,0,1,0,none,,0,none,,,0,0,0,none,,0,none,,1,beginning,164,direction_and_magnitude_change,0,Trend Shift,none,0,0,0,0,0,1,0,0,0,0,0,0,0,0,0,0
2021-02-24,-0.10371381717895119,0,0,0,0,0,0,0,0,0,0,0,0,0,0,0,0,0,1,0,none,,0,none,,,0,0,0,none,,0,none,,1,beginning,164,direction_and_magnitude_change,0,Trend Shift,none,0,0,0,0,0,1,0,0,0,0,0,0,0,0,0,0
2021-02-25,-0.10994186826353904,0,0,0,0,0,0,0,0,0,0,0,0,0,0,0,0,0,1,0,none,,0,none,,,0,0,0,none,,0,none,,1,beginning,164,direction_and_magnitude_change,0,Trend Shift,none,0,0,0,0,0,1,0,0,0,0,0,0,0,0,0,0
2021-02-26,-0.11179845566442129,0,0,0,0,0,0,0,0,0,0,0,0,0,0,0,0,0,1,0,none,,0,none,,,0,0,0,none,,0,none,,1,beginning,164,direction_and_magnitude_change,0,Trend Shift,none,0,0,0,0,0,1,0,0,0,0,0,0,0,0,0,0
2021-02-27,-0.12713645080674726,0,0,0,0,0,0,0,0,0,0,0,0,0,0,0,0,0,1,0,none,,0,none,,,0,0,0,none,,0,none,,1,beginning,164,direction_and_magnitude_change,0,Trend Shift,none,0,0,0,0,0,1,0,0,0,0,0,0,0,0,0,0
2021-02-28,-0.1277887811852994,0,0,0,0,0,0,0,0,0,0,0,0,0,0,0,0,0,1,0,none,,0,none,,,0,0,0,none,,0,none,,1,beginning,164,direction_and_magnitude_change,0,Trend Shift,none,0,0,0,0,0,1,0,0,0,0,0,0,0,0,0,0
2021-03-01,-0.13293398784309865,0,0,0,0,0,0,0,0,0,0,0,0,0,0,0,0,0,1,0,none,,0,none,,,0,0,0,none,,0,none,,1,beginning,164,direction_and_magnitude_change,0,Trend Shift,none,0,0,0,0,0,1,0,0,0,0,0,0,0,0,0,0
2021-03-02,-0.13587337645184464,0,0,0,0,0,0,0,0,0,0,0,0,0,0,0,0,0,1,0,none,,0,none,,,0,0,0,none,,0,none,,1,beginning,164,direction_and_magnitude_change,0,Trend Shift,none,0,0,0,0,0,1,0,0,0,0,0,0,0,0,0,0
2021-03-03,-0.14132355425766122,0,0,0,0,0,0,0,0,0,0,0,0,0,0,0,0,0,1,0,none,,0,none,,,0,0,0,none,,0,none,,1,beginning,164,direction_and_magnitude_change,0,Trend Shift,none,0,0,0,0,0,1,0,0,0,0,0,0,0,0,0,0
2021-03-04,-0.14986538466469462,0,0,0,0,0,0,0,0,0,0,0,0,0,0,0,0,0,1,0,none,,0,none,,,0,0,0,none,,0,none,,1,beginning,164,direction_and_magnitude_change,0,Trend Shift,none,0,0,0,0,0,1,0,0,0,0,0,0,0,0,0,0
2021-03-05,-0.158103926528327,0,0,0,0,0,0,0,0,0,0,0,0,0,0,0,0,0,1,0,none,,0,none,,,0,0,0,none,,0,none,,1,beginning,164,direction_and_magnitude_change,0,Trend Shift,none,0,0,0,0,0,1,0,0,0,0,0,0,0,0,0,0
2021-03-06,-0.15826343506820678,0,0,0,0,0,0,0,0,0,0,0,0,0,0,0,0,0,1,0,none,,0,none,,,0,0,0,none,,0,none,,1,beginning,164,direction_and_magnitude_change,0,Trend Shift,none,0,0,0,0,0,1,0,0,0,0,0,0,0,0,0,0
2021-03-07,-0.15991792425311877,0,0,0,0,0,0,0,0,0,0,0,0,0,0,0,0,0,1,0,none,,0,none,,,0,0,0,none,,0,none,,1,beginning,164,direction_and_magnitude_change,0,Trend Shift,none,0,0,0,0,0,1,0,0,0,0,0,0,0,0,0,0
2021-03-08,-0.16914471123194,0,0,0,0,0,0,0,0,0,0,0,0,0,0,0,0,0,1,0,none,,0,none,,,0,0,0,none,,0,none,,1,beginning,164,direction_and_magnitude_change,0,Trend Shift,none,0,0,0,0,0,1,0,0,0,0,0,0,0,0,0,0
2021-03-09,-0.1789027729313888,0,0,0,0,0,0,0,0,0,0,0,0,0,0,0,0,0,1,0,none,,0,none,,,0,0,0,none,,0,none,,1,beginning,164,direction_and_magnitude_change,0,Trend Shift,none,0,0,0,0,0,1,0,0,0,0,0,0,0,0,0,0
2021-03-10,-0.18777450302639123,0,0,0,0,0,0,0,0,0,0,0,0,0,0,0,0,0,1,0,none,,0,none,,,0,0,0,none,,0,none,,1,beginning,164,direction_and_magnitude_change,0,Trend Shift,none,0,0,0,0,0,1,0,0,0,0,0,0,0,0,0,0
2021-03-11,-0.18852509973557469,0,0,0,0,0,0,0,0,0,0,0,0,0,0,0,0,0,1,0,none,,0,none,,,0,0,0,none,,0,none,,1,beginning,164,direction_and_magnitude_change,0,Trend Shift,none,0,0,0,0,0,1,0,0,0,0,0,0,0,0,0,0
2021-03-12,-0.18808795263805872,0,0,0,0,0,0,0,0,0,0,0,0,0,0,0,0,0,1,0,none,,0,none,,,0,0,0,none,,0,none,,1,beginning,164,direction_and_magnitude_change,0,Trend Shift,none,0,0,0,0,0,1,0,0,0,0,0,0,0,0,0,0
2021-03-13,-0.20063117570953704,0,0,0,0,0,0,0,0,0,0,0,0,0,0,0,0,0,1,0,none,,0,none,,,0,0,0,none,,0,none,,1,beginning,164,direction_and_magnitude_change,0,Trend Shift,none,0,0,0,0,0,1,0,0,0,0,0,0,0,0,0,0
2021-03-14,-0.20258675856054872,0,0,0,0,0,0,0,0,0,0,0,0,0,0,0,0,0,1,0,none,,0,none,,,0,0,0,none,,0,none,,1,beginning,164,direction_and_magnitude_change,0,Trend Shift,none,0,0,0,0,0,1,0,0,0,0,0,0,0,0,0,0
2021-03-15,-0.20374350706118957,0,0,0,0,0,0,0,0,0,0,0,0,0,0,0,0,0,1,0,none,,0,none,,,0,0,0,none,,0,none,,1,beginning,164,direction_and_magnitude_change,0,Trend Shift,none,0,0,0,0,0,1,0,0,0,0,0,0,0,0,0,0
2021-03-16,-0.21200224784124166,0,0,0,0,0,0,0,0,0,0,0,0,0,0,0,0,0,1,0,none,,0,none,,,0,0,0,none,,0,none,,1,beginning,164,direction_and_magnitude_change,0,Trend Shift,none,0,0,0,0,0,1,0,0,0,0,0,0,0,0,0,0
2021-03-17,-0.21532633935817613,0,0,0,0,0,0,0,0,0,0,0,0,0,0,0,0,0,1,0,none,,0,none,,,0,0,0,none,,0,none,,1,beginning,164,direction_and_magnitude_change,0,Trend Shift,none,0,0,0,0,0,1,0,0,0,0,0,0,0,0,0,0
2021-03-18,-0.2237931543788518,0,0,0,0,0,0,0,0,0,0,0,0,0,0,0,0,0,1,0,none,,0,none,,,0,0,0,none,,0,none,,1,beginning,164,direction_and_magnitude_change,0,Trend Shift,none,0,0,0,0,0,1,0,0,0,0,0,0,0,0,0,0
2021-03-19,-0.2281668213151142,0,0,0,0,0,0,0,0,0,0,0,0,0,0,0,0,0,1,0,none,,0,none,,,0,0,0,none,,0,none,,1,beginning,164,direction_and_magnitude_change,0,Trend Shift,none,0,0,0,0,0,1,0,0,0,0,0,0,0,0,0,0
2021-03-20,-0.23018530219244912,0,0,0,0,0,0,0,0,0,0,0,0,0,0,0,0,0,1,0,none,,0,none,,,0,0,0,none,,0,none,,1,beginning,164,direction_and_magnitude_change,0,Trend Shift,none,0,0,0,0,0,1,0,0,0,0,0,0,0,0,0,0
2021-03-21,-0.22989211247121077,0,0,0,0,0,0,0,0,0,0,0,0,0,0,0,0,0,1,0,none,,0,none,,,0,0,0,none,,0,none,,1,beginning,164,direction_and_magnitude_change,0,Trend Shift,none,0,0,0,0,0,1,0,0,0,0,0,0,0,0,0,0
2021-03-22,-0.2391406825238613,0,0,0,0,0,0,0,0,0,0,0,0,0,0,0,0,0,1,0,none,,0,none,,,0,0,0,none,,0,none,,1,beginning,164,direction_and_magnitude_change,0,Trend Shift,none,0,0,0,0,0,1,0,0,0,0,0,0,0,0,0,0
2021-03-23,-0.24738151263980637,0,0,0,0,0,0,0,0,0,0,0,0,0,0,0,0,0,1,0,none,,0,none,,,0,0,0,none,,0,none,,1,beginning,164,direction_and_magnitude_change,0,Trend Shift,none,0,0,0,0,0,1,0,0,0,0,0,0,0,0,0,0
2021-03-24,-0.2534982024514228,0,0,0,0,0,0,0,0,0,0,0,0,0,0,0,0,0,1,0,none,,0,none,,,0,0,0,none,,0,none,,1,beginning,164,direction_and_magnitude_change,0,Trend Shift,none,0,0,0,0,0,1,0,0,0,0,0,0,0,0,0,0
2021-03-25,-0.2548577208444801,0,0,0,0,0,0,0,0,0,0,0,0,0,0,0,0,0,1,0,none,,0,none,,,0,0,0,none,,0,none,,1,beginning,164,direction_and_magnitude_change,0,Trend Shift,none,0,0,0,0,0,1,0,0,0,0,0,0,0,0,0,0
2021-03-26,-0.2648874070091736,0,0,0,0,0,0,0,0,0,0,0,0,0,0,0,0,0,1,0,none,,0,none,,,0,0,0,none,,0,none,,1,beginning,164,direction_and_magnitude_change,0,Trend Shift,none,0,0,0,0,0,1,0,0,0,0,0,0,0,0,0,0
2021-03-27,-0.26836161127373354,0,0,0,0,0,0,0,0,0,0,0,0,0,0,0,0,0,1,0,none,,0,none,,,0,0,0,none,,0,none,,1,beginning,164,direction_and_magnitude_change,0,Trend Shift,none,0,0,0,0,0,1,0,0,0,0,0,0,0,0,0,0
2021-03-28,-0.27410152278752337,0,0,0,0,0,0,0,0,0,0,0,0,0,0,0,0,0,1,0,none,,0,none,,,0,0,0,none,,0,none,,1,beginning,164,direction_and_magnitude_change,0,Trend Shift,none,0,0,0,0,0,1,0,0,0,0,0,0,0,0,0,0
2021-03-29,-0.28563578025835945,0,0,0,0,0,0,0,0,0,0,0,0,0,0,0,0,0,1,0,none,,0,none,,,0,0,0,none,,0,none,,1,beginning,164,direction_and_magnitude_change,0,Trend Shift,none,0,0,0,0,0,1,0,0,0,0,0,0,0,0,0,0
2021-03-30,-0.28385234671938653,0,0,0,0,0,0,0,0,0,0,0,0,0,0,0,0,0,1,0,none,,0,none,,,0,0,0,none,,0,none,,1,beginning,164,direction_and_magnitude_change,0,Trend Shift,none,0,0,0,0,0,1,0,0,0,0,0,0,0,0,0,0
2021-03-31,-0.2909941474165405,0,0,0,0,0,0,0,0,0,0,0,0,0,0,0,0,0,1,0,none,,0,none,,,0,0,0,none,,0,none,,1,beginning,164,direction_and_magnitude_change,0,Trend Shift,none,0,0,0,0,0,1,0,0,0,0,0,0,0,0,0,0
2021-04-01,-0.29975452785772755,0,0,0,0,0,0,0,0,0,0,0,0,0,0,0,0,0,1,0,none,,0,none,,,0,0,0,none,,0,none,,1,beginning,164,direction_and_magnitude_change,0,Trend Shift,none,0,0,0,0,0,1,0,0,0,0,0,0,0,0,0,0
2021-04-02,-0.3016451296698474,0,0,0,0,0,0,0,0,0,0,0,0,0,0,0,0,0,1,0,none,,0,none,,,0,0,0,none,,0,none,,1,beginning,164,direction_and_magnitude_change,0,Trend Shift,none,0,0,0,0,0,1,0,0,0,0,0,0,0,0,0,0
2021-04-03,-0.30740422490068087,0,0,0,0,0,0,0,0,0,0,0,0,0,0,0,0,0,1,0,none,,0,none,,,0,0,0,none,,0,none,,1,beginning,164,direction_and_magnitude_change,0,Trend Shift,none,0,0,0,0,0,1,0,0,0,0,0,0,0,0,0,0
2021-04-04,-0.3052250306130681,0,0,0,0,0,0,0,0,0,0,0,0,0,0,0,0,0,1,0,none,,0,none,,,0,0,0,none,,0,none,,1,beginning,164,direction_and_magnitude_change,0,Trend Shift,none,0,0,0,0,0,1,0,0,0,0,0,0,0,0,0,0
2021-04-05,-0.3207117777214443,0,0,0,0,0,0,0,0,0,0,0,0,0,0,0,0,0,1,0,none,,0,none,,,0,0,0,none,,0,none,,1,beginning,164,direction_and_magnitude_change,0,Trend Shift,none,0,0,0,0,0,1,0,0,0,0,0,0,0,0,0,0
2021-04-06,-0.31853504468738975,0,0,0,0,0,0,0,0,0,0,0,0,0,0,0,0,0,1,0,none,,0,none,,,0,0,0,none,,0,none,,1,beginning,164,direction_and_magnitude_change,0,Trend Shift,none,0,0,0,0,0,1,0,0,0,0,0,0,0,0,0,0
2021-04-07,-0.33463429816587986,0,0,0,0,0,0,0,0,0,0,0,0,0,0,0,0,0,1,0,none,,0,none,,,0,0,0,none,,0,none,,1,beginning,164,direction_and_magnitude_change,0,Trend Shift,none,0,0,0,0,0,1,0,0,0,0,0,0,0,0,0,0
2021-04-08,-0.33794772747420054,0,0,0,0,0,0,0,0,0,0,0,0,0,0,0,0,0,1,0,none,,0,none,,,0,0,0,none,,0,none,,1,beginning,164,direction_and_magnitude_change,0,Trend Shift,none,0,0,0,0,0,1,0,0,0,0,0,0,0,0,0,0
2021-04-09,-0.3423061924163788,0,0,0,0,0,0,0,0,0,0,0,0,0,0,0,0,0,1,0,none,,0,none,,,0,0,0,none,,0,none,,1,beginning,164,direction_and_magnitude_change,0,Trend Shift,none,0,0,0,0,0,1,0,0,0,0,0,0,0,0,0,0
2021-04-10,-0.34601393812220993,0,0,0,0,0,0,0,0,0,0,0,0,0,0,0,0,0,1,0,none,,0,none,,,0,0,0,none,,0,none,,1,beginning,164,direction_and_magnitude_change,0,Trend Shift,none,0,0,0,0,0,1,0,0,0,0,0,0,0,0,0,0
2021-04-11,-0.3488381089350393,0,0,0,0,0,0,0,0,0,0,0,0,0,0,0,0,0,1,0,none,,0,none,,,0,0,0,none,,0,none,,1,beginning,164,direction_and_magnitude_change,0,Trend Shift,none,0,0,0,0,0,1,0,0,0,0,0,0,0,0,0,0
2021-04-12,-0.357313395539139,0,0,0,0,0,0,0,0,0,0,0,0,0,0,0,0,0,1,0,none,,0,none,,,0,0,0,none,,0,none,,1,beginning,164,direction_and_magnitude_change,0,Trend Shift,none,0,0,0,0,0,1,0,0,0,0,0,0,0,0,0,0
2021-04-13,-0.358935016245046,0,0,0,0,0,0,0,0,0,0,0,0,0,0,0,0,0,1,0,none,,0,none,,,0,0,0,none,,0,none,,1,beginning,164,direction_and_magnitude_change,0,Trend Shift,none,0,0,0,0,0,1,0,0,0,0,0,0,0,0,0,0
2021-04-14,-0.36663879323288734,0,0,0,0,0,0,0,0,0,0,0,0,0,0,0,0,0,1,0,none,,0,none,,,0,0,0,none,,0,none,,1,beginning,164,direction_and_magnitude_change,0,Trend Shift,none,0,0,0,0,0,1,0,0,0,0,0,0,0,0,0,0
2021-04-15,-0.36620226890721663,0,0,0,0,0,0,0,0,0,0,0,0,0,0,0,0,0,1,0,none,,0,none,,,0,0,0,none,,0,none,,1,beginning,164,direction_and_magnitude_change,0,Trend Shift,none,0,0,0,0,0,1,0,0,0,0,0,0,0,0,0,0
2021-04-16,-0.3767833144631572,0,0,0,0,0,0,0,0,0,0,0,0,0,0,0,0,0,1,0,none,,0,none,,,0,0,0,none,,0,none,,1,beginning,164,direction_and_magnitude_change,0,Trend Shift,none,0,0,0,0,0,1,0,0,0,0,0,0,0,0,0,0
2021-04-17,-0.37872618708642886,0,0,0,0,0,0,0,0,0,0,0,0,0,0,0,0,0,1,0,none,,0,none,,,0,0,0,none,,0,none,,1,beginning,164,direction_and_magnitude_change,0,Trend Shift,none,0,0,0,0,0,1,0,0,0,0,0,0,0,0,0,0
2021-04-18,-0.38985787003932143,0,0,0,0,0,0,0,0,0,0,0,0,0,0,0,0,0,1,0,none,,0,none,,,0,0,0,none,,0,none,,1,beginning,164,direction_and_magnitude_change,0,Trend Shift,none,0,0,0,0,0,1,0,0,0,0,0,0,0,0,0,0
2021-04-19,-0.3894414089235665,0,0,0,0,0,0,0,0,0,0,0,0,0,0,0,0,0,1,0,none,,0,none,,,0,0,0,none,,0,none,,1,beginning,164,direction_and_magnitude_change,0,Trend Shift,none,0,0,0,0,0,1,0,0,0,0,0,0,0,0,0,0
2021-04-20,-0.39499993799671995,0,0,0,0,0,0,0,0,0,0,0,0,0,0,0,0,0,1,0,none,,0,none,,,0,0,0,none,,0,none,,1,beginning,164,direction_and_magnitude_change,0,Trend Shift,none,0,0,0,0,0,1,0,0,0,0,0,0,0,0,0,0
2021-04-21,-0.4006593386073002,0,0,0,0,0,0,0,0,0,0,0,0,0,0,0,0,0,1,0,none,,0,none,,,0,0,0,none,,0,none,,1,beginning,164,direction_and_magnitude_change,0,Trend Shift,none,0,0,0,0,0,1,0,0,0,0,0,0,0,0,0,0
2021-04-22,-0.4112176134822308,0,0,0,0,0,0,0,0,0,0,0,0,0,0,0,0,0,1,0,none,,0,none,,,0,0,0,none,,0,none,,1,beginning,164,direction_and_magnitude_change,0,Trend Shift,none,0,0,0,0,0,1,0,0,0,0,0,0,0,0,0,0
2021-04-23,-0.41039366292100965,0,0,0,0,0,0,0,0,0,0,0,0,0,0,0,0,0,1,0,none,,0,none,,,0,0,0,none,,0,none,,1,beginning,164,direction_and_magnitude_change,0,Trend Shift,none,0,0,0,0,0,1,0,0,0,0,0,0,0,0,0,0
2021-04-24,-0.41980742173048763,0,0,0,0,0,0,0,0,0,0,0,0,0,0,0,0,0,1,0,none,,0,none,,,0,0,0,none,,0,none,,1,beginning,164,direction_and_magnitude_change,0,Trend Shift,none,0,0,0,0,0,1,0,0,0,0,0,0,0,0,0,0
2021-04-25,-0.43028023716709046,0,0,0,0,0,0,0,0,0,0,0,0,0,0,0,0,0,1,0,none,,0,none,,,0,0,0,none,,0,none,,1,beginning,164,direction_and_magnitude_change,0,Trend Shift,none,0,0,0,0,0,1,0,0,0,0,0,0,0,0,0,0
2021-04-26,-0.42894133760857167,0,0,0,0,0,0,0,0,0,0,0,0,0,0,0,0,0,1,0,none,,0,none,,,0,0,0,none,,0,none,,1,beginning,164,direction_and_magnitude_change,0,Trend Shift,none,0,0,0,0,0,1,0,0,0,0,0,0,0,0,0,0
2021-04-27,-0.4355733276772426,0,0,0,0,0,0,0,0,0,0,0,0,0,0,0,0,0,1,0,none,,0,none,,,0,0,0,none,,0,none,,1,beginning,164,direction_and_magnitude_change,0,Trend Shift,none,0,0,0,0,0,1,0,0,0,0,0,0,0,0,0,0
2021-04-28,-0.4429977291210757,0,0,0,0,0,0,0,0,0,0,0,0,0,0,0,0,0,1,0,none,,0,none,,,0,0,0,none,,0,none,,1,beginning,164,direction_and_magnitude_change,0,Trend Shift,none,0,0,0,0,0,1,0,0,0,0,0,0,0,0,0,0
2021-04-29,-0.44464204899895604,0,0,0,0,0,0,0,0,0,0,0,0,0,0,0,0,0,1,0,none,,0,none,,,0,0,0,none,,0,none,,1,beginning,164,direction_and_magnitude_change,0,Trend Shift,none,0,0,0,0,0,1,0,0,0,0,0,0,0,0,0,0
2021-04-30,-0.44836828238889775,0,0,0,0,0,0,0,0,0,0,0,0,0,0,0,0,0,1,0,none,,0,none,,,0,0,0,none,,0,none,,1,beginning,164,direction_and_magnitude_change,0,Trend Shift,none,0,0,0,0,0,1,0,0,0,0,0,0,0,0,0,0
2021-05-01,-0.45659737271544476,0,0,0,0,0,0,0,0,0,0,0,0,0,0,0,0,0,1,0,none,,0,none,,,0,0,0,none,,0,none,,1,beginning,164,direction_and_magnitude_change,0,Trend Shift,none,0,0,0,0,0,1,0,0,0,0,0,0,0,0,0,0
2021-05-02,-0.46759566482166776,0,0,0,0,0,0,0,0,0,0,0,0,0,0,0,0,0,1,0,none,,0,none,,,0,0,0,none,,0,none,,1,beginning,164,direction_and_magnitude_change,0,Trend Shift,none,0,0,0,0,0,1,0,0,0,0,0,0,0,0,0,0
2021-05-03,-0.4573751867511149,0,0,0,0,0,0,0,0,0,0,0,0,0,0,0,0,0,1,0,none,,0,none,,,0,0,0,none,,0,none,,1,beginning,164,direction_and_magnitude_change,0,Trend Shift,none,0,0,0,0,0,1,0,0,0,0,0,0,0,0,0,0
2021-05-04,-0.47659108554853863,0,0,0,0,0,0,0,0,0,0,0,0,0,0,0,0,0,1,0,none,,0,none,,,0,0,0,none,,0,none,,1,beginning,164,direction_and_magnitude_change,0,Trend Shift,none,0,0,0,0,0,1,0,0,0,0,0,0,0,0,0,0
2021-05-05,-0.47446349501774576,0,0,0,0,0,0,0,0,0,0,0,0,0,0,0,0,0,1,0,none,,0,none,,,0,0,0,none,,0,none,,1,beginning,164,direction_and_magnitude_change,0,Trend Shift,none,0,0,0,0,0,1,0,0,0,0,0,0,0,0,0,0
2021-05-06,-0.4818137809123441,0,0,0,0,0,0,0,0,0,0,0,0,0,0,0,0,0,1,0,none,,0,none,,,0,0,0,none,,0,none,,1,beginning,164,direction_and_magnitude_change,0,Trend Shift,none,0,0,0,0,0,1,0,0,0,0,0,0,0,0,0,0
2021-05-07,-0.4822994856366485,0,0,0,0,0,0,0,0,0,0,0,0,0,0,0,0,0,1,0,none,,0,none,,,0,0,0,none,,0,none,,1,beginning,164,direction_and_magnitude_change,0,Trend Shift,none,0,0,0,0,0,1,0,0,0,0,0,0,0,0,0,0
2021-05-08,-0.4894385515820053,0,0,0,0,0,0,0,0,0,0,0,0,0,0,0,0,0,1,0,none,,0,none,,,0,0,0,none,,0,none,,1,beginning,164,direction_and_magnitude_change,0,Trend Shift,none,0,0,0,0,0,1,0,0,0,0,0,0,0,0,0,0
2021-05-09,-0.4896250868320471,0,0,0,0,0,0,0,0,0,0,0,0,0,0,0,0,0,1,0,none,,0,none,,,0,0,0,none,,0,none,,1,beginning,164,direction_and_magnitude_change,0,Trend Shift,none,0,0,0,0,0,1,0,0,0,0,0,0,0,0,0,0
2021-05-10,-0.49853996763937936,0,0,0,0,0,0,0,0,0,0,0,0,0,0,0,0,0,1,0,none,,0,none,,,0,0,0,none,,0,none,,1,beginning,164,direction_and_magnitude_change,0,Trend Shift,none,0,0,0,0,0,1,0,0,0,0,0,0,0,0,0,0
2021-05-11,-0.5121792311967475,0,0,0,0,0,0,0,0,0,0,0,0,0,0,0,0,0,1,0,none,,0,none,,,0,0,0,none,,0,none,,1,beginning,164,direction_and_magnitude_change,0,Trend Shift,none,0,0,0,0,0,1,0,0,0,0,0,0,0,0,0,0
2021-05-12,-0.5119261765899293,0,0,0,0,0,0,0,0,0,0,0,0,0,0,0,0,0,1,0,none,,0,none,,,0,0,0,none,,0,none,,1,beginning,164,direction_and_magnitude_change,0,Trend Shift,none,0,0,0,0,0,1,0,0,0,0,0,0,0,0,0,0
2021-05-13,-0.5225141938221609,0,0,0,0,0,0,0,0,0,0,0,0,0,0,0,0,0,1,0,none,,0,none,,,0,0,0,none,,0,none,,1,beginning,164,direction_and_magnitude_change,0,Trend Shift,none,0,0,0,0,0,1,0,0,0,0,0,0,0,0,0,0
2021-05-14,-0.5245083312638131,0,0,0,0,0,0,0,0,0,0,0,0,0,0,0,0,0,1,0,none,,0,none,,,0,0,0,none,,0,none,,1,beginning,164,direction_and_magnitude_change,0,Trend Shift,none,0,0,0,0,0,1,0,0,0,0,0,0,0,0,0,0
2021-05-15,-0.5348341476229157,0,0,0,0,0,0,0,0,0,0,0,0,0,0,0,0,0,1,0,none,,0,none,,,0,0,0,none,,0,none,,1,beginning,164,direction_and_magnitude_change,0,Trend Shift,none,0,0,0,0,0,1,0,0,0,0,0,0,0,0,0,0
2021-05-16,-0.5300642149073055,0,0,0,0,0,0,0,0,0,0,0,0,0,0,0,0,0,1,0,none,,0,none,,,0,0,0,none,,0,none,,1,beginning,164,direction_and_magnitude_change,0,Trend Shift,none,0,0,0,0,0,1,0,0,0,0,0,0,0,0,0,0
2021-05-17,-0.5426489056901965,0,0,0,0,0,0,0,0,0,0,0,0,0,0,0,0,0,1,0,none,,0,none,,,0,0,0,none,,0,none,,1,beginning,164,direction_and_magnitude_change,0,Trend Shift,none,0,0,0,0,0,1,0,0,0,0,0,0,0,0,0,0
2021-05-18,-0.5456190629626192,0,0,0,0,0,0,0,0,0,0,0,0,0,0,0,0,0,1,0,none,,0,none,,,0,0,0,none,,0,none,,1,beginning,164,direction_and_magnitude_change,0,Trend Shift,none,0,0,0,0,0,1,0,0,0,0,0,0,0,0,0,0
2021-05-19,-0.5608710014711491,0,0,0,0,0,0,0,0,0,0,0,0,0,0,0,0,0,1,0,none,,0,none,,,0,0,0,none,,0,none,,1,beginning,164,direction_and_magnitude_change,0,Trend Shift,none,0,0,0,0,0,1,0,0,0,0,0,0,0,0,0,0
2021-05-20,-0.5557827620244327,0,0,0,0,0,0,0,0,0,0,0,0,0,0,0,0,0,1,0,none,,0,none,,,0,0,0,none,,0,none,,1,beginning,164,direction_and_magnitude_change,0,Trend Shift,none,0,0,0,0,0,1,0,0,0,0,0,0,0,0,0,0
2021-05-21,-0.5657804766316373,0,0,0,0,0,0,0,0,0,0,0,0,0,0,0,0,0,1,0,none,,0,none,,,0,0,0,none,,0,none,,1,beginning,164,direction_and_magnitude_change,0,Trend Shift,none,0,0,0,0,0,1,0,0,0,0,0,0,0,0,0,0
2021-05-22,-0.569961748010351,0,0,0,0,0,0,0,0,0,0,0,0,0,0,0,0,0,1,0,none,,0,none,,,0,0,0,none,,0,none,,1,beginning,164,direction_and_magnitude_change,0,Trend Shift,none,0,0,0,0,0,1,0,0,0,0,0,0,0,0,0,0
2021-05-23,-0.5713021786202478,0,0,0,0,0,0,0,0,0,0,0,0,0,0,0,0,0,1,0,none,,0,none,,,0,0,0,none,,0,none,,1,beginning,164,direction_and_magnitude_change,0,Trend Shift,none,0,0,0,0,0,1,0,0,0,0,0,0,0,0,0,0
2021-05-24,-0.5716195312193022,0,0,0,0,0,0,0,0,0,0,0,0,0,0,0,0,0,1,0,none,,0,none,,,0,0,0,none,,0,none,,1,beginning,164,direction_and_magnitude_change,0,Trend Shift,none,0,0,0,0,0,1,0,0,0,0,0,0,0,0,0,0
2021-05-25,-0.5868744053166296,0,0,0,0,0,0,0,0,0,0,0,0,0,0,0,0,0,1,0,none,,0,none,,,0,0,0,none,,0,none,,1,beginning,164,direction_and_magnitude_change,0,Trend Shift,none,0,0,0,0,0,1,0,0,0,0,0,0,0,0,0,0
2021-05-26,-0.588600469944413,0,0,0,0,0,0,0,0,0,0,0,0,0,0,0,0,0,1,0,none,,0,none,,,0,0,0,none,,0,none,,1,beginning,164,direction_and_magnitude_change,0,Trend Shift,none,0,0,0,0,0,1,0,0,0,0,0,0,0,0,0,0
2021-05-27,-0.5864184328798747,0,0,0,0,0,0,0,0,0,0,0,0,0,0,0,0,0,1,0,none,,0,none,,,0,0,0,none,,0,none,,1,beginning,164,direction_and_magnitude_change,0,Trend Shift,none,0,0,0,0,0,1,0,0,0,0,0,0,0,0,0,0
2021-05-28,-0.5968402943111983,0,0,0,0,0,0,0,0,0,0,0,0,0,0,0,0,0,1,0,none,,0,none,,,0,0,0,none,,0,none,,1,beginning,164,direction_and_magnitude_change,0,Trend Shift,none,0,0,0,0,0,1,0,0,0,0,0,0,0,0,0,0
2021-05-29,-0.6039530539521023,0,0,0,0,0,0,0,0,0,0,0,0,0,0,0,0,0,1,0,none,,0,none,,,0,0,0,none,,0,none,,1,beginning,164,direction_and_magnitude_change,0,Trend Shift,none,0,0,0,0,0,1,0,0,0,0,0,0,0,0,0,0
2021-05-30,-0.5993940197309249,0,0,0,0,0,0,0,0,0,0,0,0,0,0,0,0,0,1,0,none,,0,none,,,0,0,0,none,,0,none,,1,beginning,164,direction_and_magnitude_change,0,Trend Shift,none,0,0,0,0,0,1,0,0,0,0,0,0,0,0,0,0
2021-05-31,-0.6076301023142063,0,0,0,0,0,0,0,0,0,0,0,0,0,0,0,0,0,1,0,none,,0,none,,,0,0,0,none,,0,none,,1,beginning,164,direction_and_magnitude_change,0,Trend Shift,none,0,0,0,0,0,1,0,0,0,0,0,0,0,0,0,0
2021-06-01,-0.6166478834035487,0,0,0,0,0,0,0,0,0,0,0,0,0,0,0,0,0,1,0,none,,0,none,,,0,0,0,none,,0,none,,1,beginning,164,direction_and_magnitude_change,0,Trend Shift,none,0,0,0,0,0,1,0,0,0,0,0,0,0,0,0,0
2021-06-02,-0.6297065573842294,0,0,0,0,0,0,0,0,0,0,0,0,0,0,0,0,0,1,0,none,,0,none,,,0,0,0,none,,0,none,,1,beginning,164,direction_and_magnitude_change,0,Trend Shift,none,0,0,0,0,0,1,0,0,0,0,0,0,0,0,0,0
2021-06-03,-0.6209393081362863,0,0,0,0,0,0,0,0,0,0,0,0,0,0,0,0,0,1,0,none,,0,none,,,0,0,0,none,,0,none,,1,beginning,164,direction_and_magnitude_change,0,Trend Shift,none,0,0,0,0,0,1,0,0,0,0,0,0,0,0,0,0
2021-06-04,-0.6346539815450737,0,0,0,0,0,0,0,0,0,0,0,0,0,0,0,0,0,1,0,none,,0,none,,,0,0,0,none,,0,none,,1,beginning,164,direction_and_magnitude_change,0,Trend Shift,none,0,0,0,0,0,1,0,0,0,0,0,0,0,0,0,0
2021-06-05,-0.6358433407671845,0,0,0,0,0,0,0,0,0,0,0,0,0,0,0,0,0,1,0,none,,0,none,,,0,0,0,none,,0,none,,1,beginning,164,direction_and_magnitude_change,0,Trend Shift,none,0,0,0,0,0,1,0,0,0,0,0,0,0,0,0,0
2021-06-06,-0.65328606580701,0,0,0,0,0,0,0,0,0,0,0,0,0,0,0,0,0,1,0,none,,0,none,,,0,0,0,none,,0,none,,1,beginning,164,direction_and_magnitude_change,0,Trend Shift,none,0,0,0,0,0,1,0,0,0,0,0,0,0,0,0,0
2021-06-07,-0.6470433366540113,0,0,0,0,0,0,0,0,0,0,0,0,0,0,0,0,0,1,0,none,,0,none,,,0,0,0,none,,0,none,,1,beginning,164,direction_and_magnitude_change,0,Trend Shift,none,0,0,0,0,0,1,0,0,0,0,0,0,0,0,0,0
2021-06-08,-0.659662350302167,0,0,0,0,0,0,0,0,0,0,0,0,0,0,0,0,0,1,0,none,,0,none,,,0,0,0,none,,0,none,,1,beginning,164,direction_and_magnitude_change,0,Trend Shift,none,0,0,0,0,0,1,0,0,0,0,0,0,0,0,0,0
2021-06-09,-0.6597633836969491,0,0,0,0,0,0,0,0,0,0,0,0,0,0,0,0,0,1,0,none,,0,none,,,0,0,0,none,,0,none,,1,beginning,164,direction_and_magnitude_change,0,Trend Shift,none,0,0,0,0,0,1,0,0,0,0,0,0,0,0,0,0
2021-06-10,-0.6645789490067624,0,0,0,0,0,0,0,0,0,0,0,0,0,0,0,0,0,1,0,none,,0,none,,,0,0,0,none,,0,none,,1,beginning,164,direction_and_magnitude_change,0,Trend Shift,none,0,0,0,0,0,1,0,0,0,0,0,0,0,0,0,0
2021-06-11,-0.672622567556216,0,0,0,0,0,0,0,0,0,0,0,0,0,0,0,0,0,1,0,none,,0,none,,,0,0,0,none,,0,none,,1,beginning,164,direction_and_magnitude_change,0,Trend Shift,none,0,0,0,0,0,1,0,0,0,0,0,0,0,0,0,0
2021-06-12,-0.6758373111825409,0,0,0,0,0,0,0,0,0,0,0,0,0,0,0,0,0,1,0,none,,0,none,,,0,0,0,none,,0,none,,1,beginning,164,direction_and_magnitude_change,0,Trend Shift,none,0,0,0,0,0,1,0,0,0,0,0,0,0,0,0,0
2021-06-13,-0.6854787216833661,0,0,0,0,0,0,0,0,0,0,0,0,0,0,0,0,0,1,0,none,,0,none,,,0,0,0,none,,0,none,,1,beginning,164,direction_and_magnitude_change,0,Trend Shift,none,0,0,0,0,0,1,0,0,0,0,0,0,0,0,0,0
2021-06-14,-0.6835282567333107,0,0,0,0,0,0,0,0,0,0,0,0,0,0,0,0,0,1,0,none,,0,none,,,0,0,0,none,,0,none,,1,beginning,164,direction_and_magnitude_change,0,Trend Shift,none,0,0,0,0,0,1,0,0,0,0,0,0,0,0,0,0
2021-06-15,-0.6956131390314853,0,0,0,0,0,0,0,0,0,0,0,0,0,0,0,0,0,1,0,none,,0,none,,,0,0,0,none,,0,none,,1,beginning,164,direction_and_magnitude_change,0,Trend Shift,none,0,0,0,0,0,1,0,0,0,0,0,0,0,0,0,0
2021-06-16,-0.7004140674907697,0,0,0,0,0,0,0,0,0,0,0,0,0,0,0,0,0,1,0,none,,0,none,,,0,0,0,none,,0,none,,1,beginning,164,direction_and_magnitude_change,0,Trend Shift,none,0,0,0,0,0,1,0,0,0,0,0,0,0,0,0,0
2021-06-17,-0.702668979851809,0,0,0,0,0,0,0,0,0,0,0,0,0,0,0,0,0,1,0,none,,0,none,,,0,0,0,none,,0,none,,1,beginning,164,direction_and_magnitude_change,0,Trend Shift,none,0,0,0,0,0,1,0,0,0,0,0,0,0,0,0,0
2021-06-18,-0.7106242622168129,0,0,0,0,0,0,0,0,0,0,0,0,0,0,0,0,0,1,0,none,,0,none,,,0,0,0,none,,0,none,,1,beginning,164,direction_and_magnitude_change,0,Trend Shift,none,0,0,0,0,0,1,0,0,0,0,0,0,0,0,0,0
2021-06-19,-0.7175681930782861,0,0,0,0,0,0,0,0,0,0,0,0,0,0,0,0,0,1,0,none,,0,none,,,0,0,0,none,,0,none,,1,beginning,164,direction_and_magnitude_change,0,Trend Shift,none,0,0,0,0,0,1,0,0,0,0,0,0,0,0,0,0
2021-06-20,-0.7236392013752716,0,0,0,0,0,0,0,0,0,0,0,0,0,0,0,0,0,1,0,none,,0,none,,,0,0,0,none,,0,none,,1,beginning,164,direction_and_magnitude_change,0,Trend Shift,none,0,0,0,0,0,1,0,0,0,0,0,0,0,0,0,0
2021-06-21,-0.7252288903915501,0,0,0,0,0,0,0,0,0,0,0,0,0,0,0,0,0,1,0,none,,0,none,,,0,0,0,none,,0,none,,1,beginning,164,direction_and_magnitude_change,0,Trend Shift,none,0,0,0,0,0,1,0,0,0,0,0,0,0,0,0,0
2021-06-22,-0.7350286161423305,0,0,0,0,0,0,0,0,0,0,0,0,0,0,0,0,0,1,0,none,,0,none,,,0,0,0,none,,0,none,,1,beginning,164,direction_and_magnitude_change,0,Trend Shift,none,0,0,0,0,0,1,0,0,0,0,0,0,0,0,0,0
2021-06-23,-0.7412792769887765,0,0,0,0,0,0,0,0,0,0,0,0,0,0,0,0,0,1,0,none,,0,none,,,0,0,0,none,,0,none,,1,beginning,164,direction_and_magnitude_change,0,Trend Shift,none,0,0,0,0,0,1,0,0,0,0,0,0,0,0,0,0
2021-06-24,-0.7395891791462964,0,0,0,0,0,0,0,0,0,0,0,0,0,0,0,0,0,1,0,none,,0,none,,,0,0,0,none,,0,none,,1,beginning,164,direction_and_magnitude_change,0,Trend Shift,none,0,0,0,0,0,1,0,0,0,0,0,0,0,0,0,0
2021-06-25,-0.7478647882961005,0,0,0,0,0,0,0,0,0,0,0,0,0,0,0,0,0,1,0,none,,0,none,,,0,0,0,none,,0,none,,1,beginning,164,direction_and_magnitude_change,0,Trend Shift,none,0,0,0,0,0,1,0,0,0,0,0,0,0,0,0,0
2021-06-26,-0.7487883320314147,0,0,0,0,0,0,0,0,0,0,0,0,0,0,0,0,0,1,0,none,,0,none,,,0,0,0,none,,0,none,,1,beginning,164,direction_and_magnitude_change,0,Trend Shift,none,0,0,0,0,0,1,0,0,0,0,0,0,0,0,0,0
2021-06-27,-0.7585699189645436,0,0,0,0,0,0,0,0,0,0,0,0,0,0,0,0,0,1,0,none,,0,none,,,0,0,0,none,,0,none,,1,beginning,164,direction_and_magnitude_change,0,Trend Shift,none,0,0,0,0,0,1,0,0,0,0,0,0,0,0,0,0
2021-06-28,-0.7574104192326727,0,0,0,0,0,0,0,0,0,0,0,0,0,0,0,0,0,1,0,none,,0,none,,,0,0,0,none,,0,none,,1,beginning,164,direction_and_magnitude_change,0,Trend Shift,none,0,0,0,0,0,1,0,0,0,0,0,0,0,0,0,0
2021-06-29,-0.7648562807977698,0,0,0,0,0,0,0,0,0,0,0,0,0,0,0,0,0,1,0,none,,0,none,,,0,0,0,none,,0,none,,1,beginning,164,direction_and_magnitude_change,0,Trend Shift,none,0,0,0,0,0,1,0,0,0,0,0,0,0,0,0,0
2021-06-30,-0.7669838660041073,0,0,0,0,0,0,0,0,0,0,0,0,0,0,0,0,0,1,0,none,,0,none,,,0,0,0,none,,0,none,,1,beginning,164,direction_and_magnitude_change,0,Trend Shift,none,0,0,0,0,0,1,0,0,0,0,0,0,0,0,0,0
2021-07-01,-0.772189878293693,0,0,0,0,0,0,0,0,0,0,0,0,0,0,0,0,0,1,0,none,,0,none,,,0,0,0,none,,0,none,,1,beginning,164,direction_and_magnitude_change,0,Trend Shift,none,0,0,0,0,0,1,0,0,0,0,0,0,0,0,0,0
2021-07-02,-0.7790270877613154,0,0,0,0,0,0,0,0,0,0,0,0,0,0,0,0,0,1,0,none,,0,none,,,0,0,0,none,,0,none,,1,beginning,164,direction_and_magnitude_change,0,Trend Shift,none,0,0,0,0,0,1,0,0,0,0,0,0,0,0,0,0
2021-07-03,-0.78411062169953,0,0,0,0,0,0,0,0,0,0,0,0,0,0,0,0,0,1,0,none,,0,none,,,0,0,0,none,,0,none,,1,beginning,164,direction_and_magnitude_change,0,Trend Shift,none,0,0,0,0,0,1,0,0,0,0,0,0,0,0,0,0
2021-07-04,-0.7870363192473641,0,0,0,0,0,0,0,0,0,0,0,0,0,0,0,0,0,1,0,none,,0,none,,,0,0,0,none,,0,none,,1,beginning,164,direction_and_magnitude_change,0,Trend Shift,none,0,0,0,0,0,1,0,0,0,0,0,0,0,0,0,0
2021-07-05,-0.7922347903518551,0,0,0,0,0,0,0,0,0,0,0,0,0,0,0,0,0,1,0,none,,0,none,,,0,0,0,none,,0,none,,1,beginning,164,direction_and_magnitude_change,0,Trend Shift,none,0,0,0,0,0,1,0,0,0,0,0,0,0,0,0,0
2021-07-06,-0.8012064965139752,0,0,0,0,0,0,0,0,0,0,0,0,0,0,0,0,0,1,0,none,,0,none,,,0,0,0,none,,0,none,,1,beginning,164,direction_and_magnitude_change,0,Trend Shift,none,0,0,0,0,0,1,0,0,0,0,0,0,0,0,0,0
2021-07-07,-0.8073203099830638,0,0,0,0,0,0,0,0,0,0,0,0,0,0,0,0,0,1,0,none,,0,none,,,0,0,0,none,,0,none,,1,beginning,164,direction_and_magnitude_change,0,Trend Shift,none,0,0,0,0,0,1,0,0,0,0,0,0,0,0,0,0
2021-07-08,-0.8161037828196085,0,0,0,0,0,0,0,0,0,0,0,0,0,0,0,0,0,1,0,none,,0,none,,,0,0,0,none,,0,none,,1,beginning,164,direction_and_magnitude_change,0,Trend Shift,none,0,0,0,0,0,1,0,0,0,0,0,0,0,0,0,0
2021-07-09,-0.8215405671878042,0,0,0,0,0,0,0,0,0,0,0,0,0,0,0,0,0,1,0,none,,0,none,,,0,0,0,none,,0,none,,1,beginning,164,direction_and_magnitude_change,0,Trend Shift,none,0,0,0,0,0,1,0,0,0,0,0,0,0,0,0,0
2021-07-10,-0.8302785380957735,0,0,0,0,0,0,0,0,0,0,0,0,0,0,0,0,0,1,0,none,,0,none,,,0,0,0,none,,0,none,,1,beginning,164,direction_and_magnitude_change,0,Trend Shift,none,0,0,0,0,0,1,0,0,0,0,0,0,0,0,0,0
2021-07-11,-0.8263161086734236,0,0,0,0,0,0,0,0,0,0,0,0,0,0,0,0,0,1,0,none,,0,none,,,0,0,0,none,,0,none,,1,beginning,164,direction_and_magnitude_change,0,Trend Shift,none,0,0,0,0,0,1,0,0,0,0,0,0,0,0,0,0
2021-07-12,-0.8367858335151234,0,0,0,0,0,0,0,0,0,0,0,0,0,0,0,0,0,1,0,none,,0,none,,,0,0,0,none,,0,none,,1,beginning,164,direction_and_magnitude_change,0,Trend Shift,none,0,0,0,0,0,1,0,0,0,0,0,0,0,0,0,0
2021-07-13,-0.8518996897278805,0,0,0,0,0,0,0,0,0,0,0,0,0,0,0,0,0,1,0,none,,0,none,,,0,0,0,none,,0,none,,1,beginning,164,direction_and_magnitude_change,0,Trend Shift,none,0,0,0,0,0,1,0,0,0,0,0,0,0,0,0,0
2021-07-14,-0.8511713025521694,0,0,0,0,0,0,0,0,0,0,0,0,0,0,0,0,0,1,0,none,,0,none,,,0,0,0,none,,0,none,,1,beginning,164,direction_and_magnitude_change,0,Trend Shift,none,0,0,0,0,0,1,0,0,0,0,0,0,0,0,0,0
2021-07-15,-0.8569143400979968,0,0,0,0,0,0,0,0,0,0,0,0,0,0,0,0,0,1,0,none,,0,none,,,0,0,0,none,,0,none,,1,beginning,164,direction_and_magnitude_change,0,Trend Shift,none,0,0,0,0,0,1,0,0,0,0,0,0,0,0,0,0
2021-07-16,-0.8633356424691141,0,0,0,0,0,0,0,0,0,0,0,0,0,0,0,0,0,1,0,none,,0,none,,,0,0,0,none,,0,none,,1,beginning,164,direction_and_magnitude_change,0,Trend Shift,none,0,0,0,0,0,1,0,0,0,0,0,0,0,0,0,0
2021-07-17,-0.8692033093954629,0,0,0,0,0,0,0,0,0,0,0,0,0,0,0,0,0,1,0,none,,0,none,,,0,0,0,none,,0,none,,1,beginning,164,direction_and_magnitude_change,0,Trend Shift,none,0,0,0,0,0,1,0,0,0,0,0,0,0,0,0,0
2021-07-18,-0.8620213898371649,0,0,0,0,0,0,0,0,0,0,0,0,0,0,0,0,0,1,0,none,,0,none,,,0,0,0,none,,0,none,,1,beginning,164,direction_and_magnitude_change,0,Trend Shift,none,0,0,0,0,0,1,0,0,0,0,0,0,0,0,0,0
2021-07-19,-0.8761868178477962,0,0,0,0,0,0,0,0,0,0,0,0,0,0,0,0,0,1,0,none,,0,none,,,0,0,0,none,,0,none,,1,beginning,164,direction_and_magnitude_change,0,Trend Shift,none,0,0,0,0,0,1,0,0,0,0,0,0,0,0,0,0
2021-07-20,-0.8778116628591865,0,0,0,0,0,0,0,0,0,0,0,0,0,0,0,0,0,1,0,none,,0,none,,,0,0,0,none,,0,none,,1,beginning,164,direction_and_magnitude_change,0,Trend Shift,none,0,0,0,0,0,1,0,0,0,0,0,0,0,0,0,0
2021-07-21,-0.8824150530165924,0,0,0,0,0,0,0,0,0,0,0,0,0,0,0,0,0,1,0,none,,0,none,,,0,0,0,none,,0,none,,1,beginning,164,direction_and_magnitude_change,0,Trend Shift,none,0,0,0,0,0,1,0,0,0,0,0,0,0,0,0,0
2021-07-22,-0.8887850005501119,0,0,0,0,0,0,0,0,0,0,0,0,0,0,0,0,0,1,0,none,,0,none,,,0,0,0,none,,0,none,,1,beginning,164,direction_and_magnitude_change,0,Trend Shift,none,0,0,0,0,0,1,0,0,0,0,0,0,0,0,0,0
2021-07-23,-0.8964042944709062,0,0,0,0,0,0,0,0,0,0,0,0,0,0,0,0,0,1,0,none,,0,none,,,0,0,0,none,,0,none,,1,beginning,164,direction_and_magnitude_change,0,Trend Shift,none,0,0,0,0,0,1,0,0,0,0,0,0,0,0,0,0
2021-07-24,-0.9023415121893603,0,0,0,0,0,0,0,0,0,0,0,0,0,0,0,0,0,1,0,none,,0,none,,,0,0,0,none,,0,none,,1,beginning,164,direction_and_magnitude_change,0,Trend Shift,none,0,0,0,0,0,1,0,0,0,0,0,0,0,0,0,0
2021-07-25,-0.9065522908298999,0,0,0,0,0,0,0,0,0,0,0,0,0,0,0,0,0,1,0,none,,0,none,,,0,0,0,none,,0,none,,1,beginning,164,direction_and_magnitude_change,0,Trend Shift,none,0,0,0,0,0,1,0,0,0,0,0,0,0,0,0,0
2021-07-26,-0.9110435769111335,0,0,0,0,0,0,0,0,0,0,0,0,0,0,0,0,0,1,0,none,,0,none,,,0,0,0,none,,0,none,,1,beginning,164,direction_and_magnitude_change,0,Trend Shift,none,0,0,0,0,0,1,0,0,0,0,0,0,0,0,0,0
2021-07-27,-0.9070519186685585,0,0,0,0,0,0,0,0,0,0,0,0,0,0,0,0,0,1,0,none,,0,none,,,0,0,0,none,,0,none,,1,beginning,164,direction_and_magnitude_change,0,Trend Shift,none,0,0,0,0,0,1,0,0,0,0,0,0,0,0,0,0
2021-07-28,-0.923616426256936,0,0,0,0,0,0,0,0,0,0,0,0,0,0,0,0,0,1,0,none,,0,none,,,0,0,0,none,,0,none,,1,beginning,164,direction_and_magnitude_change,0,Trend Shift,none,0,0,0,0,0,1,0,0,0,0,0,0,0,0,0,0
2021-07-29,-0.9329936553610545,0,0,0,0,0,0,0,0,0,0,0,0,0,0,0,0,0,1,0,none,,0,none,,,0,0,0,none,,0,none,,1,beginning,164,direction_and_magnitude_change,0,Trend Shift,none,0,0,0,0,0,1,0,0,0,0,0,0,0,0,0,0
2021-07-30,-0.9315808133032754,0,0,0,0,0,0,0,0,0,0,0,0,0,0,0,0,0,1,0,none,,0,none,,,0,0,0,none,,0,none,,1,beginning,164,direction_and_magnitude_change,0,Trend Shift,none,0,0,0,0,0,1,0,0,0,0,0,0,0,0,0,0
2021-07-31,-0.9379862429332584,0,0,0,0,0,0,0,0,0,0,0,0,0,0,0,0,0,1,0,none,,0,none,,,0,0,0,none,,0,none,,1,beginning,164,direction_and_magnitude_change,0,Trend Shift,none,0,0,0,0,0,1,0,0,0,0,0,0,0,0,0,0
2021-08-01,-0.9442931728797684,0,0,0,0,0,0,0,0,0,0,0,0,0,0,0,0,0,1,0,none,,0,none,,,0,0,0,none,,0,none,,1,beginning,164,direction_and_magnitude_change,0,Trend Shift,none,0,0,0,0,0,1,0,0,0,0,0,0,0,0,0,0
2021-08-02,-0.9583938123354545,0,0,0,0,0,0,0,0,0,0,0,0,0,0,0,0,0,1,0,none,,0,none,,,0,0,0,none,,0,none,,1,beginning,164,direction_and_magnitude_change,0,Trend Shift,none,0,0,0,0,0,1,0,0,0,0,0,0,0,0,0,0
2021-08-03,-0.9506000056632953,0,0,0,0,0,0,0,0,0,0,0,0,0,0,0,0,0,1,0,none,,0,none,,,0,0,0,none,,0,none,,1,beginning,164,direction_and_magnitude_change,0,Trend Shift,none,0,0,0,0,0,1,0,0,0,0,0,0,0,0,0,0
2021-08-04,-0.9510752316901224,0,0,0,0,0,0,0,0,0,0,0,0,0,0,0,0,0,1,0,none,,0,none,,,0,0,0,none,,0,none,,1,beginning,164,direction_and_magnitude_change,0,Trend Shift,none,0,0,0,0,0,1,0,0,0,0,0,0,0,0,0,0
2021-08-05,-0.9621108341639898,0,0,0,0,0,0,0,0,0,0,0,0,0,0,0,0,0,1,0,none,,0,none,,,0,0,0,none,,0,none,,1,beginning,164,direction_and_magnitude_change,0,Trend Shift,none,0,0,0,0,0,1,0,0,0,0,0,0,0,0,0,0
2021-08-06,-0.9666416161404978,0,0,0,0,0,0,0,0,0,0,0,0,0,0,0,0,0,1,0,none,,0,none,,,0,0,0,none,,0,none,,1,beginning,164,direction_and_magnitude_change,0,Trend Shift,none,0,0,0,0,0,1,0,0,0,0,0,0,0,0,0,0
2021-08-07,-0.9795823789952007,0,0,0,0,0,0,0,0,0,0,0,0,0,0,0,0,0,1,0,none,,0,none,,,0,0,0,none,,0,none,,1,beginning,164,direction_and_magnitude_change,0,Trend Shift,none,0,0,0,0,0,1,0,0,0,0,0,0,0,0,0,0
2021-08-08,-0.9742014780113528,0,0,0,0,0,0,0,0,0,0,0,0,0,0,0,0,0,1,0,none,,0,none,,,0,0,0,none,,0,none,,1,beginning,164,direction_and_magnitude_change,0,Trend Shift,none,0,0,0,0,0,1,0,0,0,0,0,0,0,0,0,0
2021-08-09,-0.9916803248218564,0,0,0,0,0,0,0,0,0,0,0,0,0,0,0,0,0,1,0,none,,0,none,,,0,0,0,none,,0,none,,1,beginning,164,direction_and_magnitude_change,0,Trend Shift,none,0,0,0,0,0,1,0,0,0,0,0,0,0,0,0,0
2021-08-10,-0.9845029338625234,0,0,0,0,0,0,0,0,0,0,0,0,0,0,0,0,0,1,0,none,,0,none,,,0,0,0,none,,0,none,,1,beginning,164,direction_and_magnitude_change,0,Trend Shift,none,0,0,0,0,0,1,0,0,0,0,0,0,0,0,0,0
2021-08-11,-0.9959982560239797,0,0,0,0,0,0,0,0,0,0,0,0,0,0,0,0,0,1,0,none,,0,none,,,0,0,0,none,,0,none,,1,beginning,164,direction_and_magnitude_change,0,Trend Shift,none,0,0,0,0,0,1,0,0,0,0,0,0,0,0,0,0
2021-08-12,-0.9902816734230289,0,0,0,0,0,0,0,0,0,0,0,0,0,0,0,0,0,1,0,none,,0,none,,,0,0,0,none,,0,none,,1,beginning,164,direction_and_magnitude_change,0,Trend Shift,none,0,0,0,0,0,1,0,0,0,0,0,0,0,0,0,0
2021-08-13,-1.009106828507687,0,0,0,0,0,0,0,0,0,0,0,0,0,0,0,0,0,1,0,none,,0,none,,,0,0,0,none,,0,none,,1,beginning,164,direction_and_magnitude_change,0,Trend Shift,none,0,0,0,0,0,1,0,0,0,0,0,0,0,0,0,0
2021-08-14,-1.011275794026504,0,0,0,0,0,0,0,0,0,0,0,0,0,0,0,0,0,1,0,none,,0,none,,,0,0,0,none,,0,none,,1,beginning,164,direction_and_magnitude_change,0,Trend Shift,none,0,0,0,0,0,1,0,0,0,0,0,0,0,0,0,0
2021-08-15,-1.0174166553446633,0,0,0,0,0,0,0,0,0,0,0,0,0,0,0,0,0,1,0,none,,0,none,,,0,0,0,none,,0,none,,1,beginning,164,direction_and_magnitude_change,0,Trend Shift,none,0,0,0,0,0,1,0,0,0,0,0,0,0,0,0,0
2021-08-16,-1.0142563801590692,0,0,0,0,0,0,0,0,0,0,0,0,0,0,0,0,0,1,0,none,,0,none,,,0,0,0,none,,0,none,,1,beginning,164,direction_and_magnitude_change,0,Trend Shift,none,0,0,0,0,0,1,0,0,0,0,0,0,0,0,0,0
2021-08-17,-1.0284000095880297,0,0,0,0,0,0,0,0,0,0,0,0,0,0,0,0,0,1,0,none,,0,none,,,0,0,0,none,,0,none,,1,beginning,164,direction_and_magnitude_change,0,Trend Shift,none,0,0,0,0,0,1,0,0,0,0,0,0,0,0,0,0
2021-08-18,-1.0361322975611713,0,0,0,0,0,0,0,0,0,0,0,0,0,0,0,0,0,1,0,none,,0,none,,,0,0,0,none,,0,none,,1,beginning,164,direction_and_magnitude_change,0,Trend Shift,none,0,0,0,0,0,1,0,0,0,0,0,0,0,0,0,0
2021-08-19,-1.0367244836067804,0,0,0,0,0,0,0,0,0,0,0,0,0,0,0,0,0,1,0,none,,0,none,,,0,0,0,none,,0,none,,1,beginning,164,direction_and_magnitude_change,0,Trend Shift,none,0,0,0,0,0,1,0,0,0,0,0,0,0,0,0,0
2021-08-20,-1.0424942114201496,0,0,0,0,0,0,0,0,0,0,0,0,0,0,0,0,0,1,0,none,,0,none,,,0,0,0,none,,0,none,,1,beginning,164,direction_and_magnitude_change,0,Trend Shift,none,0,0,0,0,0,1,0,0,0,0,0,0,0,0,0,0
2021-08-21,-1.0438921695224819,0,0,0,0,0,0,0,0,0,0,0,0,0,0,0,0,0,1,0,none,,0,none,,,0,0,0,none,,0,none,,1,beginning,164,direction_and_magnitude_change,0,Trend Shift,none,0,0,0,0,0,1,0,0,0,0,0,0,0,0,0,0
2021-08-22,-1.0516404922194618,0,0,0,0,0,0,0,0,0,0,0,0,0,0,0,0,0,1,0,none,,0,none,,,0,0,0,none,,0,none,,1,beginning,164,direction_and_magnitude_change,0,Trend Shift,none,0,0,0,0,0,1,0,0,0,0,0,0,0,0,0,0
2021-08-23,-1.0618411932696687,0,0,0,0,0,0,0,0,0,0,0,0,0,0,0,0,0,1,0,none,,0,none,,,0,0,0,none,,0,none,,1,beginning,164,direction_and_magnitude_change,0,Trend Shift,none,0,0,0,0,0,1,0,0,0,0,0,0,0,0,0,0
2021-08-24,-1.0685051081330035,0,0,0,0,0,0,0,0,0,0,0,0,0,0,0,0,0,1,0,none,,0,none,,,0,0,0,none,,0,none,,1,beginning,164,direction_and_magnitude_change,0,Trend Shift,none,0,0,0,0,0,1,0,0,0,0,0,0,0,0,0,0
2021-08-25,-1.0651143591699292,0,0,0,0,0,0,0,0,0,0,0,0,0,0,0,0,0,1,0,none,,0,none,,,0,0,0,none,,0,none,,1,beginning,164,direction_and_magnitude_change,0,Trend Shift,none,0,0,0,0,0,1,0,0,0,0,0,0,0,0,0,0
2021-08-26,-1.0708318166724915,0,0,0,0,0,0,0,0,0,0,0,0,0,0,0,0,0,1,0,none,,0,none,,,0,0,0,none,,0,none,,1,beginning,164,direction_and_magnitude_change,0,Trend Shift,none,0,0,0,0,0,1,0,0,0,0,0,0,0,0,0,0
2021-08-27,-1.0800086830150994,0,0,0,0,0,0,0,0,0,0,0,0,0,0,0,0,0,1,0,none,,0,none,,,0,0,0,none,,0,none,,1,beginning,164,direction_and_magnitude_change,0,Trend Shift,none,0,0,0,0,0,1,0,0,0,0,0,0,0,0,0,0
2021-08-28,-1.0905244966374599,0,0,0,0,0,0,0,0,0,0,0,0,0,0,0,0,0,1,0,none,,0,none,,,0,0,0,none,,0,none,,1,beginning,164,direction_and_magnitude_change,0,Trend Shift,none,0,0,0,0,0,1,0,0,0,0,0,0,0,0,0,0
2021-08-29,-1.0901156248761812,0,0,0,0,0,0,0,0,0,0,0,0,0,0,0,0,0,1,0,none,,0,none,,,0,0,0,none,,0,none,,1,beginning,164,direction_and_magnitude_change,0,Trend Shift,none,0,0,0,0,0,1,0,0,0,0,0,0,0,0,0,0
2021-08-30,-1.0927055249768514,0,0,0,0,0,0,0,0,0,0,0,0,0,0,0,0,0,1,0,none,,0,none,,,0,0,0,none,,0,none,,1,beginning,164,direction_and_magnitude_change,0,Trend Shift,none,0,0,0,0,0,1,0,0,0,0,0,0,0,0,0,0
2021-08-31,-1.1032489724746453,0,0,0,0,0,0,0,0,0,0,0,0,0,0,0,0,0,1,0,none,,0,none,,,0,0,0,none,,0,none,,1,beginning,164,direction_and_magnitude_change,0,Trend Shift,none,0,0,0,0,0,1,0,0,0,0,0,0,0,0,0,0
2021-09-01,-1.1114496856076315,0,0,0,0,0,0,0,0,0,0,0,0,0,0,0,0,0,1,0,none,,0,none,,,0,0,0,none,,0,none,,1,beginning,164,direction_and_magnitude_change,0,Trend Shift,none,0,0,0,0,0,1,0,0,0,0,0,0,0,0,0,0
2021-09-02,-1.112418089504317,0,0,0,0,0,0,0,0,0,0,0,0,0,0,0,0,0,1,0,none,,0,none,,,0,0,0,none,,0,none,,1,beginning,164,direction_and_magnitude_change,0,Trend Shift,none,0,0,0,0,0,1,0,0,0,0,0,0,0,0,0,0
2021-09-03,-1.1188142305465532,0,0,0,0,0,0,0,0,0,0,0,0,0,0,0,0,0,1,0,none,,0,none,,,0,0,0,none,,0,none,,1,beginning,164,direction_and_magnitude_change,0,Trend Shift,none,0,0,0,0,0,1,0,0,0,0,0,0,0,0,0,0
2021-09-04,-1.1244291388400394,0,0,0,0,0,0,0,0,0,0,0,0,0,0,0,0,0,1,0,none,,0,none,,,0,0,0,none,,0,none,,1,beginning,164,direction_and_magnitude_change,0,Trend Shift,none,0,0,0,0,0,1,0,0,0,0,0,0,0,0,0,0
2021-09-05,-1.133102287046938,0,0,0,0,0,0,0,0,0,0,0,0,0,0,0,0,0,1,0,none,,0,none,,,0,0,0,none,,0,none,,1,beginning,164,direction_and_magnitude_change,0,Trend Shift,none,0,0,0,0,0,1,0,0,0,0,0,0,0,0,0,0
2021-09-06,-1.1380489068559976,0,0,0,0,0,0,0,0,0,0,0,0,0,0,0,0,0,1,0,none,,0,none,,,0,0,0,none,,0,none,,1,beginning,164,direction_and_magnitude_change,0,Trend Shift,none,0,0,0,0,0,1,0,0,0,0,0,0,0,0,0,0
2021-09-07,-1.1336279168773467,0,0,0,0,0,0,0,0,0,0,0,0,0,0,0,0,0,1,0,none,,0,none,,,0,0,0,none,,0,none,,1,beginning,164,direction_and_magnitude_change,0,Trend Shift,none,0,0,0,0,0,1,0,0,0,0,0,0,0,0,0,0
2021-09-08,-1.14636245664375,0,0,0,0,0,0,0,0,0,0,0,0,0,0,0,0,0,1,0,none,,0,none,,,0,0,0,none,,0,none,,1,beginning,164,direction_and_magnitude_change,0,Trend Shift,none,0,0,0,0,0,1,0,0,0,0,0,0,0,0,0,0
2021-09-09,-1.1445864126130842,0,0,0,0,0,0,0,0,0,0,0,0,0,0,0,0,0,1,0,none,,0,none,,,0,0,0,none,,0,none,,1,beginning,164,direction_and_magnitude_change,0,Trend Shift,none,0,0,0,0,0,1,0,0,0,0,0,0,0,0,0,0
2021-09-10,-1.1569610546300588,0,0,0,0,0,0,0,0,0,0,0,0,0,0,0,0,0,1,0,none,,0,none,,,0,0,0,none,,0,none,,1,beginning,164,direction_and_magnitude_change,0,Trend Shift,none,0,0,0,0,0,1,0,0,0,0,0,0,0,0,0,0
2021-09-11,-1.1542626600651127,0,0,0,0,0,0,0,0,0,0,0,0,0,0,0,0,0,1,0,none,,0,none,,,0,0,0,none,,0,none,,1,beginning,164,direction_and_magnitude_change,0,Trend Shift,none,0,0,0,0,0,1,0,0,0,0,0,0,0,0,0,0
2021-09-12,-1.1640409179096542,0,0,0,0,0,0,0,0,0,0,0,0,0,0,0,0,0,1,0,none,,0,none,,,0,0,0,none,,0,none,,1,beginning,164,direction_and_magnitude_change,0,Trend Shift,none,0,0,0,0,0,1,0,0,0,0,0,0,0,0,0,0
2021-09-13,-1.1671992961992672,0,0,0,0,0,0,0,0,0,0,0,0,0,0,0,0,0,1,0,none,,0,none,,,0,0,0,none,,0,none,,1,beginning,164,direction_and_magnitude_change,0,Trend Shift,none,0,0,0,0,0,1,0,0,0,0,0,0,0,0,0,0
2021-09-14,-1.176290163121438,0,0,0,0,0,0,0,0,0,0,0,0,0,0,0,0,0,1,0,none,,0,none,,,0,0,0,none,,0,none,,1,beginning,164,direction_and_magnitude_change,0,Trend Shift,none,0,0,0,0,0,1,0,0,0,0,0,0,0,0,0,0
2021-09-15,-1.179007138854467,0,0,0,0,0,0,0,0,0,0,0,0,0,0,0,0,0,1,0,none,,0,none,,,0,0,0,none,,0,none,,1,beginning,164,direction_and_magnitude_change,0,Trend Shift,none,0,0,0,0,0,1,0,0,0,0,0,0,0,0,0,0
2021-09-16,-1.1848682135155926,0,0,0,0,0,0,0,0,0,0,0,0,0,0,0,0,0,1,0,none,,0,none,,,0,0,0,none,,0,none,,1,beginning,164,direction_and_magnitude_change,0,Trend Shift,none,0,0,0,0,0,1,0,0,0,0,0,0,0,0,0,0
2021-09-17,-1.189285856977138,0,0,0,0,0,0,0,0,0,0,0,0,0,0,0,0,0,1,0,none,,0,none,,,0,0,0,none,,0,none,,1,beginning,164,direction_and_magnitude_change,0,Trend Shift,none,0,0,0,0,0,1,0,0,0,0,0,0,0,0,0,0
2021-09-18,-1.194981238650608,0,0,0,0,0,0,0,0,0,0,0,0,0,0,0,0,0,1,0,none,,0,none,,,0,0,0,none,,0,none,,1,beginning,164,direction_and_magnitude_change,0,Trend Shift,none,0,0,0,0,0,1,0,0,0,0,0,0,0,0,0,0
2021-09-19,-1.2006089018838648,0,0,0,0,0,0,0,0,0,0,0,0,0,0,0,0,0,1,0,none,,0,none,,,0,0,0,none,,0,none,,1,beginning,164,direction_and_magnitude_change,0,Trend Shift,none,0,0,0,0,0,1,0,0,0,0,0,0,0,0,0,0
2021-09-20,-1.2052762144943254,0,0,0,0,0,0,0,0,0,0,0,0,0,0,0,0,0,1,0,none,,0,none,,,0,0,0,none,,0,none,,1,beginning,164,direction_and_magnitude_change,0,Trend Shift,none,0,0,0,0,0,1,0,0,0,0,0,0,0,0,0,0
2021-09-21,-1.2118797567440445,0,0,0,0,0,0,0,0,0,0,0,0,0,0,0,0,0,1,0,none,,0,none,,,0,0,0,none,,0,none,,1,beginning,164,direction_and_magnitude_change,0,Trend Shift,none,0,0,0,0,0,1,0,0,0,0,0,0,0,0,0,0
2021-09-22,-1.218058917371211,0,0,0,0,0,0,0,0,0,0,0,0,0,0,0,0,0,1,0,none,,0,none,,,0,0,0,none,,0,none,,1,beginning,164,direction_and_magnitude_change,0,Trend Shift,none,0,0,0,0,0,1,0,0,0,0,0,0,0,0,0,0
2021-09-23,-1.2224546757752404,0,0,0,0,0,0,0,0,0,0,0,0,0,0,0,0,0,1,0,none,,0,none,,,0,0,0,none,,0,none,,1,beginning,164,direction_and_magnitude_change,0,Trend Shift,none,0,0,0,0,0,1,0,0,0,0,0,0,0,0,0,0
2021-09-24,-1.2344093316463332,0,0,0,0,0,0,0,0,0,0,0,0,0,0,0,0,0,1,0,none,,0,none,,,0,0,0,none,,0,none,,1,beginning,164,direction_and_magnitude_change,0,Trend Shift,none,0,0,0,0,0,1,0,0,0,0,0,0,0,0,0,0
2021-09-25,-1.2356933563347454,0,0,0,0,0,0,0,0,0,0,0,0,0,0,0,0,0,1,0,none,,0,none,,,0,0,0,none,,0,none,,1,beginning,164,direction_and_magnitude_change,0,Trend Shift,none,0,0,0,0,0,1,0,0,0,0,0,0,0,0,0,0
2021-09-26,-1.240578609402094,0,0,0,0,0,0,0,0,0,0,0,0,0,0,0,0,0,1,0,none,,0,none,,,0,0,0,none,,0,none,,1,beginning,164,direction_and_magnitude_change,0,Trend Shift,none,0,0,0,0,0,1,0,0,0,0,0,0,0,0,0,0
2021-09-27,-1.2412224869158055,0,0,0,0,0,0,0,0,0,0,0,0,0,0,0,0,0,1,0,none,,0,none,,,0,0,0,none,,0,none,,1,beginning,164,direction_and_magnitude_change,0,Trend Shift,none,0,0,0,0,0,1,0,0,0,0,0,0,0,0,0,0
2021-09-28,-1.249827072383228,0,0,0,0,0,0,0,0,0,0,0,0,0,0,0,0,0,1,0,none,,0,none,,,0,0,0,none,,0,none,,1,beginning,164,direction_and_magnitude_change,0,Trend Shift,none,0,0,0,0,0,1,0,0,0,0,0,0,0,0,0,0
2021-09-29,-1.2577384284572286,0,0,0,0,0,0,0,0,0,0,0,0,0,0,0,0,0,1,0,none,,0,none,,,0,0,0,none,,0,none,,1,beginning,164,direction_and_magnitude_change,0,Trend Shift,none,0,0,0,0,0,1,0,0,0,0,0,0,0,0,0,0
2021-09-30,-1.2582494745286696,0,0,0,0,0,0,0,0,0,0,0,0,0,0,0,0,0,1,0,none,,0,none,,,0,0,0,none,,0,none,,1,beginning,164,direction_and_magnitude_change,0,Trend Shift,none,0,0,0,0,0,1,0,0,0,0,0,0,0,0,0,0
2021-10-01,-1.257329557478563,0,0,0,0,0,0,0,0,0,0,0,0,0,0,0,0,0,1,0,none,,0,none,,,0,0,0,none,,0,none,,1,beginning,164,direction_and_magnitude_change,0,Trend Shift,none,0,0,0,0,0,1,0,0,0,0,0,0,0,0,0,0
2021-10-02,-1.275988400701763,0,0,0,0,0,0,0,0,0,0,0,0,0,0,0,0,0,1,0,none,,0,none,,,0,0,0,none,,0,none,,1,beginning,164,direction_and_magnitude_change,0,Trend Shift,none,0,0,0,0,0,1,0,0,0,0,0,0,0,0,0,0
2021-10-03,-1.2758604926105053,0,0,0,0,0,0,0,0,0,0,0,0,0,0,0,0,0,1,0,none,,0,none,,,0,0,0,none,,0,none,,1,beginning,164,direction_and_magnitude_change,0,Trend Shift,none,0,0,0,0,0,1,0,0,0,0,0,0,0,0,0,0
2021-10-04,-1.2848040513267833,0,0,0,0,0,0,0,0,0,0,0,0,0,0,0,0,0,1,0,none,,0,none,,,0,0,0,none,,0,none,,1,beginning,164,direction_and_magnitude_change,0,Trend Shift,none,0,0,0,0,0,1,0,0,0,0,0,0,0,0,0,0
2021-10-05,-1.285522663688604,0,0,0,0,0,0,0,0,0,0,0,0,0,0,0,0,0,1,0,none,,0,none,,,0,0,0,none,,0,none,,1,beginning,164,direction_and_magnitude_change,0,Trend Shift,none,0,0,0,0,0,1,0,0,0,0,0,0,0,0,0,0
2021-10-06,-1.2908075843194768,0,0,0,0,0,0,0,0,0,0,0,0,0,0,0,0,0,1,0,none,,0,none,,,0,0,0,none,,0,none,,1,beginning,164,direction_and_magnitude_change,0,Trend Shift,none,0,0,0,0,0,1,0,0,0,0,0,0,0,0,0,0
2021-10-07,-1.2938139104259219,0,0,0,0,0,0,0,0,0,0,0,0,0,0,0,0,0,1,0,none,,0,none,,,0,0,0,none,,0,none,,1,beginning,164,direction_and_magnitude_change,0,Trend Shift,none,0,0,0,0,0,1,0,0,0,0,0,0,0,0,0,0
2021-10-08,-1.3070024738876944,0,0,0,0,0,0,0,0,0,0,0,0,0,0,0,0,0,1,0,none,,0,none,,,0,0,0,none,,0,none,,1,beginning,164,direction_and_magnitude_change,0,Trend Shift,none,0,0,0,0,0,1,0,0,0,0,0,0,0,0,0,0
2021-10-09,-1.3063286512092906,0,0,0,0,0,0,0,0,0,0,0,0,0,0,0,0,0,1,0,none,,0,none,,,0,0,0,none,,0,none,,1,beginning,164,direction_and_magnitude_change,0,Trend Shift,none,0,0,0,0,0,1,0,0,0,0,0,0,0,0,0,0
2021-10-10,-1.3150553941441856,0,0,0,0,0,0,0,0,0,0,0,0,0,0,0,0,0,1,0,none,,0,none,,,0,0,0,none,,0,none,,1,beginning,164,direction_and_magnitude_change,0,Trend Shift,none,0,0,0,0,0,1,0,0,0,0,0,0,0,0,0,0
2021-10-11,-1.3147927798276355,0,0,0,0,0,0,0,0,0,0,0,0,0,0,0,0,0,1,0,none,,0,none,,,0,0,0,none,,0,none,,1,beginning,164,direction_and_magnitude_change,0,Trend Shift,none,0,0,0,0,0,1,0,0,0,0,0,0,0,0,0,0
2021-10-12,-1.3253236534061235,0,0,0,0,0,0,0,0,0,0,0,0,0,0,0,0,0,1,0,none,,0,none,,,0,0,0,none,,0,none,,1,beginning,164,direction_and_magnitude_change,0,Trend Shift,none,0,0,0,0,0,1,0,0,0,0,0,0,0,0,0,0
2021-10-13,-1.3190922336939788,0,0,0,0,0,0,0,0,0,0,0,0,0,0,0,0,0,1,0,none,,0,none,,,0,0,0,none,,0,none,,1,beginning,164,direction_and_magnitude_change,0,Trend Shift,none,0,0,0,0,0,1,0,0,0,0,0,0,0,0,0,0
2021-10-14,-1.3314006186901362,0,0,0,0,0,0,0,0,0,0,0,0,0,0,0,0,0,1,0,none,,0,none,,,0,0,0,none,,0,none,,1,beginning,164,direction_and_magnitude_change,0,Trend Shift,none,0,0,0,0,0,1,0,0,0,0,0,0,0,0,0,0
2021-10-15,-1.3370309839556471,0,0,0,0,0,0,0,0,0,0,0,0,0,0,0,0,0,1,0,none,,0,none,,,0,0,0,none,,0,none,,1,beginning,164,direction_and_magnitude_change,0,Trend Shift,none,0,0,0,0,0,1,0,0,0,0,0,0,0,0,0,0
2021-10-16,-1.3440251314805185,0,0,0,0,0,0,0,0,0,0,0,0,0,0,0,0,0,1,0,none,,0,none,,,0,0,0,none,,0,none,,1,beginning,164,direction_and_magnitude_change,0,Trend Shift,none,0,0,0,0,0,1,0,0,0,0,0,0,0,0,0,0
2021-10-17,-1.345790700465897,0,0,0,0,0,0,0,0,0,0,0,0,0,0,0,0,0,1,0,none,,0,none,,,0,0,0,none,,0,none,,1,beginning,164,direction_and_magnitude_change,0,Trend Shift,none,0,0,0,0,0,1,0,0,0,0,0,0,0,0,0,0
2021-10-18,-1.3521610550856562,0,0,0,0,0,0,0,0,0,0,0,0,0,0,0,0,0,1,0,none,,0,none,,,0,0,0,none,,0,none,,1,beginning,164,direction_and_magnitude_change,0,Trend Shift,none,0,0,0,0,0,1,0,0,0,0,0,0,0,0,0,0
2021-10-19,-1.35972243270447,0,0,0,0,0,0,0,0,0,0,0,0,0,0,0,0,0,1,0,none,,0,none,,,0,0,0,none,,0,none,,1,beginning,164,direction_and_magnitude_change,0,Trend Shift,none,0,0,0,0,0,1,0,0,0,0,0,0,0,0,0,0
2021-10-20,-1.3698614860914302,0,0,0,0,0,0,0,0,0,0,0,0,0,0,0,0,0,1,0,none,,0,none,,,0,0,0,none,,0,none,,1,beginning,164,direction_and_magnitude_change,0,Trend Shift,none,0,0,0,0,0,1,0,0,0,0,0,0,0,0,0,0
2021-10-21,-1.378156237371915,0,0,0,0,0,0,0,0,0,0,0,0,0,0,0,0,0,1,0,none,,0,none,,,0,0,0,none,,0,none,,1,beginning,164,direction_and_magnitude_change,0,Trend Shift,none,0,0,0,0,0,1,0,0,0,0,0,0,0,0,0,0
2021-10-22,-1.371665987007463,0,0,0,0,0,0,0,0,0,0,0,0,0,0,0,0,0,1,0,none,,0,none,,,0,0,0,none,,0,none,,1,beginning,164,direction_and_magnitude_change,0,Trend Shift,none,0,0,0,0,0,1,0,0,0,0,0,0,0,0,0,0
2021-10-23,-1.3868807093890057,0,0,0,0,0,0,0,0,0,0,0,0,0,0,0,0,0,1,0,none,,0,none,,,0,0,0,none,,0,none,,1,beginning,164,direction_and_magnitude_change,0,Trend Shift,none,0,0,0,0,0,1,0,0,0,0,0,0,0,0,0,0
2021-10-24,-1.386817012823285,0,0,0,0,0,0,0,0,0,0,0,0,0,0,0,0,0,1,0,none,,0,none,,,0,0,0,none,,0,none,,1,beginning,164,direction_and_magnitude_change,0,Trend Shift,none,0,0,0,0,0,1,0,0,0,0,0,0,0,0,0,0
2021-10-25,-1.4005006236922233,0,0,0,0,0,0,0,0,0,0,0,0,0,0,0,0,0,1,0,none,,0,none,,,0,0,0,none,,0,none,,1,beginning,164,direction_and_magnitude_change,0,Trend Shift,none,0,0,0,0,0,1,0,0,0,0,0,0,0,0,0,0
2021-10-26,-1.3972271372409328,0,0,0,0,0,0,0,0,0,0,0,0,0,0,0,0,0,1,0,none,,0,none,,,0,0,0,none,,0,none,,1,beginning,164,direction_and_magnitude_change,0,Trend Shift,none,0,0,0,0,0,1,0,0,0,0,0,0,0,0,0,0
2021-10-27,-1.404783457838057,0,0,0,0,0,0,0,0,0,0,0,0,0,0,0,0,0,1,0,none,,0,none,,,0,0,0,none,,0,none,,1,beginning,164,direction_and_magnitude_change,0,Trend Shift,none,0,0,0,0,0,1,0,0,0,0,0,0,0,0,0,0
2021-10-28,-1.410963930777318,0,0,0,0,0,0,0,0,0,0,0,0,0,0,0,0,0,1,0,none,,0,none,,,0,0,0,none,,0,none,,1,beginning,164,direction_and_magnitude_change,0,Trend Shift,none,0,0,0,0,0,1,0,0,0,0,0,0,0,0,0,0
2021-10-29,-1.4141615308073603,0,0,0,0,0,0,0,0,0,0,0,0,0,0,0,0,0,1,0,none,,0,none,,,0,0,0,none,,0,none,,1,beginning,164,direction_and_magnitude_change,0,Trend Shift,none,0,0,0,0,0,1,0,0,0,0,0,0,0,0,0,0
2021-10-30,-1.4161147674856123,0,0,0,0,0,0,0,0,0,0,0,0,0,0,0,0,0,1,0,none,,0,none,,,0,0,0,none,,0,none,,1,beginning,164,direction_and_magnitude_change,0,Trend Shift,none,0,0,0,0,0,1,0,0,0,0,0,0,0,0,0,0
2021-10-31,-1.4301920589535957,0,0,0,0,0,0,0,0,0,0,0,0,0,0,0,0,0,1,0,none,,0,none,,,0,0,0,none,,0,none,,1,beginning,164,direction_and_magnitude_change,0,Trend Shift,none,0,0,0,0,0,1,0,0,0,0,0,0,0,0,0,0
2021-11-01,-1.4336613034132644,0,0,0,0,0,0,0,0,0,0,0,0,0,0,0,0,0,1,0,none,,0,none,,,0,0,0,none,,0,none,,1,beginning,164,direction_and_magnitude_change,0,Trend Shift,none,0,0,0,0,0,1,0,0,0,0,0,0,0,0,0,0
2021-11-02,-1.4343318658171034,0,0,0,0,0,0,0,0,0,0,0,0,0,0,0,0,0,1,0,none,,0,none,,,0,0,0,none,,0,none,,1,beginning,164,direction_and_magnitude_change,0,Trend Shift,none,0,0,0,0,0,1,0,0,0,0,0,0,0,0,0,0
2021-11-03,-1.434257676037623,0,0,0,0,0,0,0,0,0,0,0,0,0,0,0,0,0,1,0,none,,0,none,,,0,0,0,none,,0,none,,1,beginning,164,direction_and_magnitude_change,0,Trend Shift,none,0,0,0,0,0,1,0,0,0,0,0,0,0,0,0,0
2021-11-04,-1.4500154220716923,0,0,0,0,0,0,0,0,0,0,0,0,0,0,0,0,0,1,0,none,,0,none,,,0,0,0,none,,0,none,,1,beginning,164,direction_and_magnitude_change,0,Trend Shift,none,0,0,0,0,0,1,0,0,0,0,0,0,0,0,0,0
2021-11-05,-1.4541106140767015,0,0,0,0,0,0,0,0,0,0,0,0,0,0,0,0,0,1,0,none,,0,none,,,0,0,0,none,,0,none,,1,beginning,164,direction_and_magnitude_change,0,Trend Shift,none,0,0,0,0,0,1,0,0,0,0,0,0,0,0,0,0
2021-11-06,-1.4508382552856518,0,0,0,0,0,0,0,0,0,0,0,0,0,0,0,0,0,1,0,none,,0,none,,,0,0,0,none,,0,none,,1,beginning,164,direction_and_magnitude_change,0,Trend Shift,none,0,0,0,0,0,1,0,0,0,0,0,0,0,0,0,0
2021-11-07,-1.462950613351042,0,0,0,0,0,0,0,0,0,0,0,0,0,0,0,0,0,1,0,none,,0,none,,,0,0,0,none,,0,none,,1,beginning,164,direction_and_magnitude_change,0,Trend Shift,none,0,0,0,0,0,1,0,0,0,0,0,0,0,0,0,0
2021-11-08,-1.4641916985071826,0,0,0,0,0,0,0,0,0,0,0,0,0,0,0,0,0,1,0,none,,0,none,,,0,0,0,none,,0,none,,1,beginning,164,direction_and_magnitude_change,0,Trend Shift,none,0,0,0,0,0,1,0,0,0,0,0,0,0,0,0,0
2021-11-09,-1.4783682807703655,0,0,0,0,0,0,0,0,0,0,0,0,0,0,0,0,0,1,0,none,,0,none,,,0,0,0,none,,0,none,,1,beginning,164,direction_and_magnitude_change,0,Trend Shift,none,0,0,0,0,0,1,0,0,0,0,0,0,0,0,0,0
2021-11-10,-1.4720516439556512,0,0,0,0,0,0,0,0,0,0,0,0,0,0,0,0,0,1,0,none,,0,none,,,0,0,0,none,,0,none,,1,beginning,164,direction_and_magnitude_change,0,Trend Shift,none,0,0,0,0,0,1,0,0,0,0,0,0,0,0,0,0
2021-11-11,-1.4867121895748183,0,0,0,0,0,0,0,0,0,0,0,0,0,0,0,0,0,1,0,none,,0,none,,,0,0,0,none,,0,none,,1,beginning,164,direction_and_magnitude_change,0,Trend Shift,none,0,0,0,0,0,1,0,0,0,0,0,0,0,0,0,0
2021-11-12,-1.4870574562014292,0,0,0,0,0,0,0,0,0,0,0,0,0,0,0,0,0,1,0,none,,0,none,,,0,0,0,none,,0,none,,1,beginning,164,direction_and_magnitude_change,0,Trend Shift,none,0,0,0,0,0,1,0,0,0,0,0,0,0,0,0,0
2021-11-13,-1.4994811068861718,0,0,0,0,0,0,0,0,0,0,0,0,0,0,0,0,0,1,0,none,,0,none,,,0,0,0,none,,0,none,,1,beginning,164,direction_and_magnitude_change,0,Trend Shift,none,0,0,0,0,0,1,0,0,0,0,0,0,0,0,0,0
2021-11-14,-1.49171860150837,0,0,0,0,0,0,0,0,0,0,0,0,0,0,0,0,0,1,0,none,,0,none,,,0,0,0,none,,0,none,,1,beginning,164,direction_and_magnitude_change,0,Trend Shift,none,0,0,0,0,0,1,0,0,0,0,0,0,0,0,0,0
2021-11-15,-1.5015729140574536,0,0,0,0,0,0,0,0,0,0,0,0,0,0,0,0,0,1,0,none,,0,none,,,0,0,0,none,,0,none,,1,beginning,164,direction_and_magnitude_change,0,Trend Shift,none,0,0,0,0,0,1,0,0,0,0,0,0,0,0,0,0
2021-11-16,-1.5063060386123008,0,0,0,0,0,0,0,0,0,0,0,0,0,0,0,0,0,1,0,none,,0,none,,,0,0,0,none,,0,none,,1,beginning,164,direction_and_magnitude_change,0,Trend Shift,none,0,0,0,0,0,1,0,0,0,0,0,0,0,0,0,0
2021-11-17,-1.5076641099887802,0,0,0,0,0,0,0,0,0,0,0,0,0,0,0,0,0,1,0,none,,0,none,,,0,0,0,none,,0,none,,1,beginning,164,direction_and_magnitude_change,0,Trend Shift,none,0,0,0,0,0,1,0,0,0,0,0,0,0,0,0,0
2021-11-18,-1.5209301316785482,0,0,0,0,0,0,0,0,0,0,0,0,0,0,0,0,0,1,0,none,,0,none,,,0,0,0,none,,0,none,,1,beginning,164,direction_and_magnitude_change,0,Trend Shift,none,0,0,0,0,0,1,0,0,0,0,0,0,0,0,0,0
2021-11-19,-1.518606798187057,0,0,0,0,0,0,0,0,0,0,0,0,0,0,0,0,0,1,0,none,,0,none,,,0,0,0,none,,0,none,,1,beginning,164,direction_and_magnitude_change,0,Trend Shift,none,0,0,0,0,0,1,0,0,0,0,0,0,0,0,0,0
2021-11-20,-1.524260392416568,0,0,0,0,0,0,0,0,0,0,0,0,0,0,0,0,0,1,0,none,,0,none,,,0,0,0,none,,0,none,,1,beginning,164,direction_and_magnitude_change,0,Trend Shift,none,0,0,0,0,0,1,0,0,0,0,0,0,0,0,0,0
2021-11-21,-1.5329194731784495,0,0,0,0,0,0,0,0,0,0,0,0,0,0,0,0,0,1,0,none,,0,none,,,0,0,0,none,,0,none,,1,beginning,164,direction_and_magnitude_change,0,Trend Shift,none,0,0,0,0,0,1,0,0,0,0,0,0,0,0,0,0
2021-11-22,-1.5410535629921684,0,0,0,0,0,0,0,0,0,0,0,0,0,0,0,0,0,1,0,none,,0,none,,,0,0,0,none,,0,none,,1,beginning,164,direction_and_magnitude_change,0,Trend Shift,none,0,0,0,0,0,1,0,0,0,0,0,0,0,0,0,0
2021-11-23,-1.545438012516454,0,0,0,0,0,0,0,0,0,0,0,0,0,0,0,0,0,1,0,none,,0,none,,,0,0,0,none,,0,none,,1,beginning,164,direction_and_magnitude_change,0,Trend Shift,none,0,0,0,0,0,1,0,0,0,0,0,0,0,0,0,0
2021-11-24,-1.5486191256356518,0,0,0,0,0,0,0,0,0,0,0,0,0,0,0,0,0,1,0,none,,0,none,,,0,0,0,none,,0,none,,1,beginning,164,direction_and_magnitude_change,0,Trend Shift,none,0,0,0,0,0,1,0,0,0,0,0,0,0,0,0,0
2021-11-25,-1.5642338378308223,0,0,0,0,0,0,0,0,0,0,0,0,0,0,0,0,0,1,0,none,,0,none,,,0,0,0,none,,0,none,,1,beginning,164,direction_and_magnitude_change,0,Trend Shift,none,0,0,0,0,0,1,0,0,0,0,0,0,0,0,0,0
2021-11-26,-1.560077343968487,0,0,0,0,0,0,0,0,0,0,0,0,0,0,0,0,0,1,0,none,,0,none,,,0,0,0,none,,0,none,,1,beginning,164,direction_and_magnitude_change,0,Trend Shift,none,0,0,0,0,0,1,0,0,0,0,0,0,0,0,0,0
2021-11-27,-1.5708697150260023,0,0,0,0,0,0,0,0,0,0,0,0,0,0,0,0,0,1,0,none,,0,none,,,0,0,0,none,,0,none,,1,beginning,164,direction_and_magnitude_change,0,Trend Shift,none,0,0,0,0,0,1,0,0,0,0,0,0,0,0,0,0
2021-11-28,-1.5730271582291193,0,0,0,0,0,0,0,0,0,0,0,0,0,0,0,0,0,1,0,none,,0,none,,,0,0,0,none,,0,none,,1,beginning,164,direction_and_magnitude_change,0,Trend Shift,none,0,0,0,0,0,1,0,0,0,0,0,0,0,0,0,0
2021-11-29,-1.581004892120839,0,0,0,0,0,0,0,0,0,0,0,0,0,0,0,0,0,1,0,none,,0,none,,,0,0,0,none,,0,none,,1,beginning,164,direction_and_magnitude_change,0,Trend Shift,none,0,0,0,0,0,1,0,0,0,0,0,0,0,0,0,0
2021-11-30,-1.581069673607054,0,0,0,0,0,0,0,0,0,0,0,0,0,0,0,0,0,1,0,none,,0,none,,,0,0,0,none,,0,none,,1,beginning,164,direction_and_magnitude_change,0,Trend Shift,none,0,0,0,0,0,1,0,0,0,0,0,0,0,0,0,0
2021-12-01,-1.5844756751052564,0,0,0,0,0,0,0,0,0,0,0,0,0,0,0,0,0,1,0,none,,0,none,,,0,0,0,none,,0,none,,1,beginning,164,direction_and_magnitude_change,0,Trend Shift,none,0,0,0,0,0,1,0,0,0,0,0,0,0,0,0,0
2021-12-02,-1.5920178256320812,0,0,0,0,0,0,0,0,0,0,0,0,0,0,0,0,0,1,0,none,,0,none,,,0,0,0,none,,0,none,,1,beginning,164,direction_and_magnitude_change,0,Trend Shift,none,0,0,0,0,0,1,0,0,0,0,0,0,0,0,0,0
2021-12-03,-1.6054485640647234,0,0,0,0,0,0,0,0,0,0,0,0,0,0,0,0,0,1,0,none,,0,none,,,0,0,0,none,,0,none,,1,beginning,164,direction_and_magnitude_change,0,Trend Shift,none,0,0,0,0,0,1,0,0,0,0,0,0,0,0,0,0
2021-12-04,-1.6069485603516904,0,0,0,0,0,0,0,0,0,0,0,0,0,0,0,0,0,1,0,none,,0,none,,,0,0,0,none,,0,none,,1,beginning,164,direction_and_magnitude_change,0,Trend Shift,none,0,0,0,0,0,1,0,0,0,0,0,0,0,0,0,0
2021-12-05,-1.60823554455168,0,0,0,0,0,0,0,0,0,0,0,0,0,0,0,0,0,1,0,none,,0,none,,,0,0,0,none,,0,none,,1,beginning,164,direction_and_magnitude_change,0,Trend Shift,none,0,0,0,0,0,1,0,0,0,0,0,0,0,0,0,0
2021-12-06,-1.612932161535858,0,0,0,0,0,0,0,0,0,0,0,0,0,0,0,0,0,1,0,none,,0,none,,,0,0,0,none,,0,none,,1,beginning,164,direction_and_magnitude_change,0,Trend Shift,none,0,0,0,0,0,1,0,0,0,0,0,0,0,0,0,0
2021-12-07,-1.620119183507167,0,0,0,0,0,0,0,0,0,0,0,0,0,0,0,0,0,1,0,none,,0,none,,,0,0,0,none,,0,none,,1,beginning,164,direction_and_magnitude_change,0,Trend Shift,none,0,0,0,0,0,1,0,0,0,0,0,0,0,0,0,0
2021-12-08,-1.6231618224913242,0,0,0,0,0,0,0,0,0,0,0,0,0,0,0,0,0,1,0,none,,0,none,,,0,0,0,none,,0,none,,1,beginning,164,direction_and_magnitude_change,0,Trend Shift,none,0,0,0,0,0,1,0,0,0,0,0,0,0,0,0,0
2021-12-09,-1.635886609192972,0,0,0,0,0,0,0,0,0,0,0,0,0,0,0,0,0,1,0,none,,0,none,,,0,0,0,none,,0,none,,1,beginning,164,direction_and_magnitude_change,0,Trend Shift,none,0,0,0,0,0,1,0,0,0,0,0,0,0,0,0,0
2021-12-10,-1.63552675941192,0,0,0,0,0,0,0,0,0,0,0,0,0,0,0,0,0,1,0,none,,0,none,,,0,0,0,none,,0,none,,1,beginning,164,direction_and_magnitude_change,0,Trend Shift,none,0,0,0,0,0,1,0,0,0,0,0,0,0,0,0,0
2021-12-11,-1.63956668612764,0,0,0,0,0,0,0,0,0,0,0,0,0,0,0,0,0,1,0,none,,0,none,,,0,0,0,none,,0,none,,1,beginning,164,direction_and_magnitude_change,0,Trend Shift,none,0,0,0,0,0,1,0,0,0,0,0,0,0,0,0,0
2021-12-12,-1.644708043332432,0,0,0,0,0,0,0,0,0,0,0,0,0,0,0,0,0,1,0,none,,0,none,,,0,0,0,none,,0,none,,1,beginning,164,direction_and_magnitude_change,0,Trend Shift,none,0,0,0,0,0,1,0,0,0,0,0,0,0,0,0,0
2021-12-13,-1.6504362560351542,0,0,0,0,0,0,0,0,0,0,0,0,0,0,0,0,0,1,0,none,,0,none,,,0,0,0,none,,0,none,,1,beginning,164,direction_and_magnitude_change,0,Trend Shift,none,0,0,0,0,0,1,0,0,0,0,0,0,0,0,0,0
2021-12-14,-1.6566556245820023,0,0,0,0,0,0,0,0,0,0,0,0,0,0,0,0,0,1,0,none,,0,none,,,0,0,0,none,,0,none,,1,beginning,164,direction_and_magnitude_change,0,Trend Shift,none,0,0,0,0,0,1,0,0,0,0,0,0,0,0,0,0
2021-12-15,-1.657242267299499,0,0,0,0,0,0,0,0,0,0,0,0,0,0,0,0,0,1,0,none,,0,none,,,0,0,0,none,,0,none,,1,beginning,164,direction_and_magnitude_change,0,Trend Shift,none,0,0,0,0,0,1,0,0,0,0,0,0,0,0,0,0
2021-12-16,-1.6723279705241143,0,0,0,0,0,0,0,0,0,0,0,0,0,0,0,0,0,1,0,none,,0,none,,,0,0,0,none,,0,none,,1,beginning,164,direction_and_magnitude_change,0,Trend Shift,none,0,0,0,0,0,1,0,0,0,0,0,0,0,0,0,0
2021-12-17,-1.673530165679892,0,0,0,0,0,0,0,0,0,0,0,0,0,0,0,0,0,1,0,none,,0,none,,,0,0,0,none,,0,none,,1,beginning,164,direction_and_magnitude_change,0,Trend Shift,none,0,0,0,0,0,1,0,0,0,0,0,0,0,0,0,0
2021-12-18,-1.6835216956139414,0,0,0,0,0,0,0,0,0,0,0,0,0,0,0,0,0,1,0,none,,0,none,,,0,0,0,none,,0,none,,1,beginning,164,direction_and_magnitude_change,0,Trend Shift,none,0,0,0,0,0,1,0,0,0,0,0,0,0,0,0,0
2021-12-19,-1.6803090583922156,0,0,0,0,0,0,0,0,0,0,0,0,0,0,0,0,0,1,0,none,,0,none,,,0,0,0,none,,0,none,,1,beginning,164,direction_and_magnitude_change,0,Trend Shift,none,0,0,0,0,0,1,0,0,0,0,0,0,0,0,0,0
2021-12-20,-1.6963047128278588,0,0,0,0,0,0,0,0,0,0,0,0,0,0,0,0,0,1,0,none,,0,none,,,0,0,0,none,,0,none,,1,beginning,164,direction_and_magnitude_change,0,Trend Shift,none,0,0,0,0,0,1,0,0,0,0,0,0,0,0,0,0
2021-12-21,-1.6899378606372242,0,0,0,0,0,0,0,0,0,0,0,0,0,0,0,0,0,1,0,none,,0,none,,,0,0,0,none,,0,none,,1,beginning,164,direction_and_magnitude_change,0,Trend Shift,none,0,0,0,0,0,1,0,0,0,0,0,0,0,0,0,0
2021-12-22,-1.6984758844284713,0,0,0,0,0,0,0,0,0,0,0,0,0,0,0,0,0,1,0,none,,0,none,,,0,0,0,none,,0,none,,1,beginning,164,direction_and_magnitude_change,0,Trend Shift,none,0,0,0,0,0,1,0,0,0,0,0,0,0,0,0,0
2021-12-23,-1.7070723046424432,0,0,0,0,0,0,0,0,0,0,0,0,0,0,0,0,0,1,0,none,,0,none,,,0,0,0,none,,0,none,,1,beginning,164,direction_and_magnitude_change,0,Trend Shift,none,0,0,0,0,0,1,0,0,0,0,0,0,0,0,0,0
2021-12-24,-1.71410863663393,0,0,0,0,0,0,0,0,0,0,0,0,0,0,0,0,0,1,0,none,,0,none,,,0,0,0,none,,0,none,,1,beginning,164,direction_and_magnitude_change,0,Trend Shift,none,0,0,0,0,0,1,0,0,0,0,0,0,0,0,0,0
2021-12-25,-1.7159631451062478,0,0,0,0,0,0,0,0,0,0,0,0,0,0,0,0,0,1,0,none,,0,none,,,0,0,0,none,,0,none,,1,beginning,164,direction_and_magnitude_change,0,Trend Shift,none,0,0,0,0,0,1,0,0,0,0,0,0,0,0,0,0
2021-12-26,-1.7210254599152366,0,0,0,0,0,0,0,0,0,0,0,0,0,0,0,0,0,1,0,none,,0,none,,,0,0,0,none,,0,none,,1,beginning,164,direction_and_magnitude_change,0,Trend Shift,none,0,0,0,0,0,1,0,0,0,0,0,0,0,0,0,0
2021-12-27,-1.722332442371117,0,0,0,0,0,0,0,0,0,0,0,0,0,0,0,0,0,1,0,none,,0,none,,,0,0,0,none,,0,none,,1,beginning,164,direction_and_magnitude_change,0,Trend Shift,none,0,0,0,0,0,1,0,0,0,0,0,0,0,0,0,0
2021-12-28,-1.726795025115513,0,0,0,0,0,0,0,0,0,0,0,0,0,0,0,0,0,1,0,none,,0,none,,,0,0,0,none,,0,none,,1,beginning,164,direction_and_magnitude_change,0,Trend Shift,none,0,0,0,0,0,1,0,0,0,0,0,0,0,0,0,0
2021-12-29,-1.7377384452559246,0,0,0,0,0,0,0,0,0,0,0,0,0,0,0,0,0,1,0,none,,0,none,,,0,0,0,none,,0,none,,1,beginning,164,direction_and_magnitude_change,0,Trend Shift,none,0,0,0,0,0,1,0,0,0,0,0,0,0,0,0,0
2021-12-30,-1.739772008051024,0,0,0,0,0,0,0,0,0,0,0,0,0,0,0,0,0,1,0,none,,0,none,,,0,0,0,none,,0,none,,1,beginning,164,direction_and_magnitude_change,0,Trend Shift,none,0,0,0,0,0,1,0,0,0,0,0,0,0,0,0,0
2021-12-31,-1.7426556454617608,0,0,0,0,0,0,0,0,0,0,0,0,0,0,0,0,0,1,0,none,,0,none,,,0,0,0,none,,0,none,,1,beginning,164,direction_and_magnitude_change,0,Trend Shift,none,0,0,0,0,0,1,0,0,0,0,0,0,0,0,0,0
2022-01-01,-1.7509935053000532,0,0,0,0,0,0,0,0,0,0,0,0,0,0,0,0,0,1,0,none,,0,none,,,0,0,0,none,,0,none,,1,beginning,164,direction_and_magnitude_change,0,Trend Shift,none,0,0,0,0,0,1,0,0,0,0,0,0,0,0,0,0
2022-01-02,-1.7611478634619706,0,0,0,0,0,0,0,0,0,0,0,0,0,0,0,0,0,1,0,none,,0,none,,,0,0,0,none,,0,none,,1,beginning,164,direction_and_magnitude_change,0,Trend Shift,none,0,0,0,0,0,1,0,0,0,0,0,0,0,0,0,0
2022-01-03,-1.7616030237064273,0,0,0,0,0,0,0,0,0,0,0,0,0,0,0,0,0,1,0,none,,0,none,,,0,0,0,none,,0,none,,1,beginning,164,direction_and_magnitude_change,0,Trend Shift,none,0,0,0,0,0,1,0,0,0,0,0,0,0,0,0,0
2022-01-04,-1.7684588279345568,0,0,0,0,0,0,0,0,0,0,0,0,0,0,0,0,0,1,0,none,,0,none,,,0,0,0,none,,0,none,,1,beginning,164,direction_and_magnitude_change,0,Trend Shift,none,0,0,0,0,0,1,0,0,0,0,0,0,0,0,0,0
2022-01-05,-1.7770078123691242,0,0,0,0,0,0,0,0,0,0,0,0,0,0,0,0,0,1,0,none,,0,none,,,0,0,0,none,,0,none,,1,beginning,164,direction_and_magnitude_change,0,Trend Shift,none,0,0,0,0,0,1,0,0,0,0,0,0,0,0,0,0
2022-01-06,-1.784552253366568,0,0,0,0,0,0,0,0,0,0,0,0,0,0,0,0,0,1,0,none,,0,none,,,0,0,0,none,,0,none,,1,beginning,164,direction_and_magnitude_change,0,Trend Shift,none,0,0,0,0,0,1,0,0,0,0,0,0,0,0,0,0
2022-01-07,-1.7909756294390065,0,0,0,0,0,0,0,0,0,0,0,0,0,0,0,0,0,1,0,none,,0,none,,,0,0,0,none,,0,none,,1,beginning,164,direction_and_magnitude_change,0,Trend Shift,none,0,0,0,0,0,1,0,0,0,0,0,0,0,0,0,0
2022-01-08,-1.7911894436298526,0,0,0,0,0,0,0,0,0,0,0,0,0,0,0,0,0,1,0,none,,0,none,,,0,0,0,none,,0,none,,1,beginning,164,direction_and_magnitude_change,0,Trend Shift,none,0,0,0,0,0,1,0,0,0,0,0,0,0,0,0,0
2022-01-09,-1.7879173226775176,0,0,0,0,0,0,0,0,0,0,0,0,0,0,0,0,0,1,0,none,,0,none,,,0,0,0,none,,0,none,,1,beginning,164,direction_and_magnitude_change,0,Trend Shift,none,0,0,0,0,0,1,0,0,0,0,0,0,0,0,0,0
2022-01-10,-1.804204057627613,0,0,0,0,0,0,0,0,0,0,0,0,0,0,0,0,0,1,0,none,,0,none,,,0,0,0,none,,0,none,,1,beginning,164,direction_and_magnitude_change,0,Trend Shift,none,0,0,0,0,0,1,0,0,0,0,0,0,0,0,0,0
2022-01-11,-1.8062908942914526,0,0,0,0,0,0,0,0,0,0,0,0,0,0,0,0,0,1,0,none,,0,none,,,0,0,0,none,,0,none,,1,beginning,164,direction_and_magnitude_change,0,Trend Shift,none,0,0,0,0,0,1,0,0,0,0,0,0,0,0,0,0
2022-01-12,-1.8111056340009621,0,0,0,0,0,0,0,0,0,0,0,0,0,0,0,0,0,1,0,none,,0,none,,,0,0,0,none,,0,none,,1,beginning,164,direction_and_magnitude_change,0,Trend Shift,none,0,0,0,0,0,1,0,0,0,0,0,0,0,0,0,0
2022-01-13,-1.8127827841878004,0,0,0,0,0,0,0,0,0,0,0,0,0,0,0,0,0,1,0,none,,0,none,,,0,0,0,none,,0,none,,1,beginning,164,direction_and_magnitude_change,0,Trend Shift,none,0,0,0,0,0,1,0,0,0,0,0,0,0,0,0,0
2022-01-14,-1.827654772308762,0,0,0,0,0,0,0,0,0,0,0,0,0,0,0,0,0,1,0,none,,0,none,,,0,0,0,none,,0,none,,1,beginning,164,direction_and_magnitude_change,0,Trend Shift,none,0,0,0,0,0,1,0,0,0,0,0,0,0,0,0,0
2022-01-15,-1.8267235240303754,0,0,0,0,0,0,0,0,0,0,0,0,0,0,0,0,0,1,0,none,,0,none,,,0,0,0,none,,0,none,,1,beginning,164,direction_and_magnitude_change,0,Trend Shift,none,0,0,0,0,0,1,0,0,0,0,0,0,0,0,0,0
2022-01-16,-1.8333785532882665,0,0,0,0,0,0,0,0,0,0,0,0,0,0,0,0,0,1,0,none,,0,none,,,0,0,0,none,,0,none,,1,beginning,164,direction_and_magnitude_change,0,Trend Shift,none,0,0,0,0,0,1,0,0,0,0,0,0,0,0,0,0
2022-01-17,-1.8340875411389024,0,0,0,0,0,0,0,0,0,0,0,0,0,0,0,0,0,1,0,none,,0,none,,,0,0,0,none,,0,none,,1,beginning,164,direction_and_magnitude_change,0,Trend Shift,none,0,0,0,0,0,1,0,0,0,0,0,0,0,0,0,0
2022-01-18,-1.8410638299153046,0,0,0,0,0,0,0,0,0,0,0,0,0,0,0,0,0,1,0,none,,0,none,,,0,0,0,none,,0,none,,1,beginning,164,direction_and_magnitude_change,0,Trend Shift,none,0,0,0,0,0,1,0,0,0,0,0,0,0,0,0,0
2022-01-19,-1.8484964240652115,0,0,0,0,0,0,0,0,0,0,0,0,0,0,0,0,0,1,0,none,,0,none,,,0,0,0,none,,0,none,,1,beginning,164,direction_and_magnitude_change,0,Trend Shift,none,0,0,0,0,0,1,0,0,0,0,0,0,0,0,0,0
2022-01-20,-1.8525874447726316,0,0,0,0,0,0,0,0,0,0,0,0,0,0,0,0,0,1,0,none,,0,none,,,0,0,0,none,,0,none,,1,beginning,164,direction_and_magnitude_change,0,Trend Shift,none,0,0,0,0,0,1,0,0,0,0,0,0,0,0,0,0
2022-01-21,-1.8593369603714331,0,0,0,0,0,0,0,0,0,0,0,0,0,0,0,0,0,1,0,none,,0,none,,,0,0,0,none,,0,none,,1,beginning,164,direction_and_magnitude_change,0,Trend Shift,none,0,0,0,0,0,1,0,0,0,0,0,0,0,0,0,0
2022-01-22,-1.86233721761852,0,0,0,0,0,0,0,0,0,0,0,0,0,0,0,0,0,1,0,none,,0,none,,,0,0,0,none,,0,none,,1,beginning,164,direction_and_magnitude_change,0,Trend Shift,none,0,0,0,0,0,1,0,0,0,0,0,0,0,0,0,0
2022-01-23,-1.8680876404513342,0,0,0,0,0,0,0,0,0,0,0,0,0,0,0,0,0,1,0,none,,0,none,,,0,0,0,none,,0,none,,1,beginning,164,direction_and_magnitude_change,0,Trend Shift,none,0,0,0,0,0,1,0,0,0,0,0,0,0,0,0,0
2022-01-24,-1.8699044016952375,0,0,0,0,0,0,0,0,0,0,0,0,0,0,0,0,0,1,0,none,,0,none,,,0,0,0,none,,0,none,,1,beginning,164,direction_and_magnitude_change,0,Trend Shift,none,0,0,0,0,0,1,0,0,0,0,0,0,0,0,0,0
2022-01-25,-1.8818127739756196,0,0,0,0,0,0,0,0,0,0,0,0,0,0,0,0,0,1,0,none,,0,none,,,0,0,0,none,,0,none,,1,beginning,164,direction_and_magnitude_change,0,Trend Shift,none,0,0,0,0,0,1,0,0,0,0,0,0,0,0,0,0
