date,data,stationary,det_lin_up,det_lin_down,det_quad,det_cubic,det_exp,det_damped,stoc_trend,volatility,single_seas,multiple_seas,point_anom_single,point_anom_multi,collect_anom,context_anom,mean_shift,var_shift,trend_shift,point_anom_count,point_anom_location,point_anom_point,collect_anom_count,collect_anom_location,collect_anom_start,collect_anom_end,context_anom_start,context_anom_end,mean_shift_count,mean_shift_location,mean_shift_point,variance_shift_count,variance_shift_location,variance_shift_points,trend_shift_count,trend_shift_location,trend_shift_points,trend_shift_type,is_multi_characteristic,characteristic_1_type,characteristic_2_type,is_point_anomaly_active,is_collective_anomaly_active,is_contextual_anomaly_active,is_mean_shift_active,is_variance_shift_active,is_trend_shift_active,is_linear_trend_active,is_quadratic_trend_active,is_cubic_trend_active,is_exponential_trend_active,is_damped_trend_active,is_single_seasonality_active,is_multiple_seasonality_active,is_seasonal_base_active,is_stochastic_base_active,is_volatility_base_active
2020-01-01,-1.8528731769532676,0,0,0,0,0,0,0,0,0,1,0,0,0,0,0,0,0,1,0,none,,0,none,,,0,0,0,none,,0,none,,1,end,185,direction_and_magnitude_change,0,Trend Shift,none,0,0,0,0,0,1,0,0,0,0,0,0,0,1,0,0
2020-01-02,-1.542533068176675,0,0,0,0,0,0,0,0,0,1,0,0,0,0,0,0,0,1,0,none,,0,none,,,0,0,0,none,,0,none,,1,end,185,direction_and_magnitude_change,0,Trend Shift,none,0,0,0,0,0,1,0,0,0,0,0,0,0,1,0,0
2020-01-03,-2.119588613616566,0,0,0,0,0,0,0,0,0,1,0,0,0,0,0,0,0,1,0,none,,0,none,,,0,0,0,none,,0,none,,1,end,185,direction_and_magnitude_change,0,Trend Shift,none,0,0,0,0,0,1,0,0,0,0,0,0,0,1,0,0
2020-01-04,-1.3461764159579497,0,0,0,0,0,0,0,0,0,1,0,0,0,0,0,0,0,1,0,none,,0,none,,,0,0,0,none,,0,none,,1,end,185,direction_and_magnitude_change,0,Trend Shift,none,0,0,0,0,0,1,0,0,0,0,0,0,0,1,0,0
2020-01-05,-2.0550602251896066,0,0,0,0,0,0,0,0,0,1,0,0,0,0,0,0,0,1,0,none,,0,none,,,0,0,0,none,,0,none,,1,end,185,direction_and_magnitude_change,0,Trend Shift,none,0,0,0,0,0,1,0,0,0,0,0,0,0,1,0,0
2020-01-06,-1.629127588491876,0,0,0,0,0,0,0,0,0,1,0,0,0,0,0,0,0,1,0,none,,0,none,,,0,0,0,none,,0,none,,1,end,185,direction_and_magnitude_change,0,Trend Shift,none,0,0,0,0,0,1,0,0,0,0,0,0,0,1,0,0
2020-01-07,-1.5600300320393705,0,0,0,0,0,0,0,0,0,1,0,0,0,0,0,0,0,1,0,none,,0,none,,,0,0,0,none,,0,none,,1,end,185,direction_and_magnitude_change,0,Trend Shift,none,0,0,0,0,0,1,0,0,0,0,0,0,0,1,0,0
2020-01-08,-1.7177352993792743,0,0,0,0,0,0,0,0,0,1,0,0,0,0,0,0,0,1,0,none,,0,none,,,0,0,0,none,,0,none,,1,end,185,direction_and_magnitude_change,0,Trend Shift,none,0,0,0,0,0,1,0,0,0,0,0,0,0,1,0,0
2020-01-09,-1.6796956291334162,0,0,0,0,0,0,0,0,0,1,0,0,0,0,0,0,0,1,0,none,,0,none,,,0,0,0,none,,0,none,,1,end,185,direction_and_magnitude_change,0,Trend Shift,none,0,0,0,0,0,1,0,0,0,0,0,0,0,1,0,0
2020-01-10,-1.2709345939482237,0,0,0,0,0,0,0,0,0,1,0,0,0,0,0,0,0,1,0,none,,0,none,,,0,0,0,none,,0,none,,1,end,185,direction_and_magnitude_change,0,Trend Shift,none,0,0,0,0,0,1,0,0,0,0,0,0,0,1,0,0
2020-01-11,-1.5391352346301512,0,0,0,0,0,0,0,0,0,1,0,0,0,0,0,0,0,1,0,none,,0,none,,,0,0,0,none,,0,none,,1,end,185,direction_and_magnitude_change,0,Trend Shift,none,0,0,0,0,0,1,0,0,0,0,0,0,0,1,0,0
2020-01-12,-1.546236111139101,0,0,0,0,0,0,0,0,0,1,0,0,0,0,0,0,0,1,0,none,,0,none,,,0,0,0,none,,0,none,,1,end,185,direction_and_magnitude_change,0,Trend Shift,none,0,0,0,0,0,1,0,0,0,0,0,0,0,1,0,0
2020-01-13,-1.5818458937678241,0,0,0,0,0,0,0,0,0,1,0,0,0,0,0,0,0,1,0,none,,0,none,,,0,0,0,none,,0,none,,1,end,185,direction_and_magnitude_change,0,Trend Shift,none,0,0,0,0,0,1,0,0,0,0,0,0,0,1,0,0
2020-01-14,-1.3017704985314256,0,0,0,0,0,0,0,0,0,1,0,0,0,0,0,0,0,1,0,none,,0,none,,,0,0,0,none,,0,none,,1,end,185,direction_and_magnitude_change,0,Trend Shift,none,0,0,0,0,0,1,0,0,0,0,0,0,0,1,0,0
2020-01-15,-1.8268105648963608,0,0,0,0,0,0,0,0,0,1,0,0,0,0,0,0,0,1,0,none,,0,none,,,0,0,0,none,,0,none,,1,end,185,direction_and_magnitude_change,0,Trend Shift,none,0,0,0,0,0,1,0,0,0,0,0,0,0,1,0,0
2020-01-16,-1.218253540100495,0,0,0,0,0,0,0,0,0,1,0,0,0,0,0,0,0,1,0,none,,0,none,,,0,0,0,none,,0,none,,1,end,185,direction_and_magnitude_change,0,Trend Shift,none,0,0,0,0,0,1,0,0,0,0,0,0,0,1,0,0
2020-01-17,-1.5935312453353685,0,0,0,0,0,0,0,0,0,1,0,0,0,0,0,0,0,1,0,none,,0,none,,,0,0,0,none,,0,none,,1,end,185,direction_and_magnitude_change,0,Trend Shift,none,0,0,0,0,0,1,0,0,0,0,0,0,0,1,0,0
2020-01-18,-1.0975007148841458,0,0,0,0,0,0,0,0,0,1,0,0,0,0,0,0,0,1,0,none,,0,none,,,0,0,0,none,,0,none,,1,end,185,direction_and_magnitude_change,0,Trend Shift,none,0,0,0,0,0,1,0,0,0,0,0,0,0,1,0,0
2020-01-19,-1.4281243607449177,0,0,0,0,0,0,0,0,0,1,0,0,0,0,0,0,0,1,0,none,,0,none,,,0,0,0,none,,0,none,,1,end,185,direction_and_magnitude_change,0,Trend Shift,none,0,0,0,0,0,1,0,0,0,0,0,0,0,1,0,0
2020-01-20,-1.4319520454561716,0,0,0,0,0,0,0,0,0,1,0,0,0,0,0,0,0,1,0,none,,0,none,,,0,0,0,none,,0,none,,1,end,185,direction_and_magnitude_change,0,Trend Shift,none,0,0,0,0,0,1,0,0,0,0,0,0,0,1,0,0
2020-01-21,-1.4229586734806667,0,0,0,0,0,0,0,0,0,1,0,0,0,0,0,0,0,1,0,none,,0,none,,,0,0,0,none,,0,none,,1,end,185,direction_and_magnitude_change,0,Trend Shift,none,0,0,0,0,0,1,0,0,0,0,0,0,0,1,0,0
2020-01-22,-1.5430626311112894,0,0,0,0,0,0,0,0,0,1,0,0,0,0,0,0,0,1,0,none,,0,none,,,0,0,0,none,,0,none,,1,end,185,direction_and_magnitude_change,0,Trend Shift,none,0,0,0,0,0,1,0,0,0,0,0,0,0,1,0,0
2020-01-23,-1.2146561647090965,0,0,0,0,0,0,0,0,0,1,0,0,0,0,0,0,0,1,0,none,,0,none,,,0,0,0,none,,0,none,,1,end,185,direction_and_magnitude_change,0,Trend Shift,none,0,0,0,0,0,1,0,0,0,0,0,0,0,1,0,0
2020-01-24,-1.4736719778173437,0,0,0,0,0,0,0,0,0,1,0,0,0,0,0,0,0,1,0,none,,0,none,,,0,0,0,none,,0,none,,1,end,185,direction_and_magnitude_change,0,Trend Shift,none,0,0,0,0,0,1,0,0,0,0,0,0,0,1,0,0
2020-01-25,-1.0542354873295432,0,0,0,0,0,0,0,0,0,1,0,0,0,0,0,0,0,1,0,none,,0,none,,,0,0,0,none,,0,none,,1,end,185,direction_and_magnitude_change,0,Trend Shift,none,0,0,0,0,0,1,0,0,0,0,0,0,0,1,0,0
2020-01-26,-1.1997347139469945,0,0,0,0,0,0,0,0,0,1,0,0,0,0,0,0,0,1,0,none,,0,none,,,0,0,0,none,,0,none,,1,end,185,direction_and_magnitude_change,0,Trend Shift,none,0,0,0,0,0,1,0,0,0,0,0,0,0,1,0,0
2020-01-27,-1.5915855360727555,0,0,0,0,0,0,0,0,0,1,0,0,0,0,0,0,0,1,0,none,,0,none,,,0,0,0,none,,0,none,,1,end,185,direction_and_magnitude_change,0,Trend Shift,none,0,0,0,0,0,1,0,0,0,0,0,0,0,1,0,0
2020-01-28,-1.135654185420327,0,0,0,0,0,0,0,0,0,1,0,0,0,0,0,0,0,1,0,none,,0,none,,,0,0,0,none,,0,none,,1,end,185,direction_and_magnitude_change,0,Trend Shift,none,0,0,0,0,0,1,0,0,0,0,0,0,0,1,0,0
2020-01-29,-1.386562791040659,0,0,0,0,0,0,0,0,0,1,0,0,0,0,0,0,0,1,0,none,,0,none,,,0,0,0,none,,0,none,,1,end,185,direction_and_magnitude_change,0,Trend Shift,none,0,0,0,0,0,1,0,0,0,0,0,0,0,1,0,0
2020-01-30,-0.8007785828927771,0,0,0,0,0,0,0,0,0,1,0,0,0,0,0,0,0,1,0,none,,0,none,,,0,0,0,none,,0,none,,1,end,185,direction_and_magnitude_change,0,Trend Shift,none,0,0,0,0,0,1,0,0,0,0,0,0,0,1,0,0
2020-01-31,-1.2858199569718998,0,0,0,0,0,0,0,0,0,1,0,0,0,0,0,0,0,1,0,none,,0,none,,,0,0,0,none,,0,none,,1,end,185,direction_and_magnitude_change,0,Trend Shift,none,0,0,0,0,0,1,0,0,0,0,0,0,0,1,0,0
2020-02-01,-0.8889797148985045,0,0,0,0,0,0,0,0,0,1,0,0,0,0,0,0,0,1,0,none,,0,none,,,0,0,0,none,,0,none,,1,end,185,direction_and_magnitude_change,0,Trend Shift,none,0,0,0,0,0,1,0,0,0,0,0,0,0,1,0,0
2020-02-02,-1.5535120857695797,0,0,0,0,0,0,0,0,0,1,0,0,0,0,0,0,0,1,0,none,,0,none,,,0,0,0,none,,0,none,,1,end,185,direction_and_magnitude_change,0,Trend Shift,none,0,0,0,0,0,1,0,0,0,0,0,0,0,1,0,0
2020-02-03,-0.8289659715938674,0,0,0,0,0,0,0,0,0,1,0,0,0,0,0,0,0,1,0,none,,0,none,,,0,0,0,none,,0,none,,1,end,185,direction_and_magnitude_change,0,Trend Shift,none,0,0,0,0,0,1,0,0,0,0,0,0,0,1,0,0
2020-02-04,-1.22733143668892,0,0,0,0,0,0,0,0,0,1,0,0,0,0,0,0,0,1,0,none,,0,none,,,0,0,0,none,,0,none,,1,end,185,direction_and_magnitude_change,0,Trend Shift,none,0,0,0,0,0,1,0,0,0,0,0,0,0,1,0,0
2020-02-05,-0.8254527610914848,0,0,0,0,0,0,0,0,0,1,0,0,0,0,0,0,0,1,0,none,,0,none,,,0,0,0,none,,0,none,,1,end,185,direction_and_magnitude_change,0,Trend Shift,none,0,0,0,0,0,1,0,0,0,0,0,0,0,1,0,0
2020-02-06,-1.1757330376422137,0,0,0,0,0,0,0,0,0,1,0,0,0,0,0,0,0,1,0,none,,0,none,,,0,0,0,none,,0,none,,1,end,185,direction_and_magnitude_change,0,Trend Shift,none,0,0,0,0,0,1,0,0,0,0,0,0,0,1,0,0
2020-02-07,-1.1805783790659896,0,0,0,0,0,0,0,0,0,1,0,0,0,0,0,0,0,1,0,none,,0,none,,,0,0,0,none,,0,none,,1,end,185,direction_and_magnitude_change,0,Trend Shift,none,0,0,0,0,0,1,0,0,0,0,0,0,0,1,0,0
2020-02-08,-1.0852486282335767,0,0,0,0,0,0,0,0,0,1,0,0,0,0,0,0,0,1,0,none,,0,none,,,0,0,0,none,,0,none,,1,end,185,direction_and_magnitude_change,0,Trend Shift,none,0,0,0,0,0,1,0,0,0,0,0,0,0,1,0,0
2020-02-09,-1.1144708344092515,0,0,0,0,0,0,0,0,0,1,0,0,0,0,0,0,0,1,0,none,,0,none,,,0,0,0,none,,0,none,,1,end,185,direction_and_magnitude_change,0,Trend Shift,none,0,0,0,0,0,1,0,0,0,0,0,0,0,1,0,0
2020-02-10,-1.2298101910023969,0,0,0,0,0,0,0,0,0,1,0,0,0,0,0,0,0,1,0,none,,0,none,,,0,0,0,none,,0,none,,1,end,185,direction_and_magnitude_change,0,Trend Shift,none,0,0,0,0,0,1,0,0,0,0,0,0,0,1,0,0
2020-02-11,-1.1094076202264411,0,0,0,0,0,0,0,0,0,1,0,0,0,0,0,0,0,1,0,none,,0,none,,,0,0,0,none,,0,none,,1,end,185,direction_and_magnitude_change,0,Trend Shift,none,0,0,0,0,0,1,0,0,0,0,0,0,0,1,0,0
2020-02-12,-1.277188584915987,0,0,0,0,0,0,0,0,0,1,0,0,0,0,0,0,0,1,0,none,,0,none,,,0,0,0,none,,0,none,,1,end,185,direction_and_magnitude_change,0,Trend Shift,none,0,0,0,0,0,1,0,0,0,0,0,0,0,1,0,0
2020-02-13,-0.7591200495607695,0,0,0,0,0,0,0,0,0,1,0,0,0,0,0,0,0,1,0,none,,0,none,,,0,0,0,none,,0,none,,1,end,185,direction_and_magnitude_change,0,Trend Shift,none,0,0,0,0,0,1,0,0,0,0,0,0,0,1,0,0
2020-02-14,-1.1718048776484105,0,0,0,0,0,0,0,0,0,1,0,0,0,0,0,0,0,1,0,none,,0,none,,,0,0,0,none,,0,none,,1,end,185,direction_and_magnitude_change,0,Trend Shift,none,0,0,0,0,0,1,0,0,0,0,0,0,0,1,0,0
2020-02-15,-0.7145345892031113,0,0,0,0,0,0,0,0,0,1,0,0,0,0,0,0,0,1,0,none,,0,none,,,0,0,0,none,,0,none,,1,end,185,direction_and_magnitude_change,0,Trend Shift,none,0,0,0,0,0,1,0,0,0,0,0,0,0,1,0,0
2020-02-16,-1.196688094415886,0,0,0,0,0,0,0,0,0,1,0,0,0,0,0,0,0,1,0,none,,0,none,,,0,0,0,none,,0,none,,1,end,185,direction_and_magnitude_change,0,Trend Shift,none,0,0,0,0,0,1,0,0,0,0,0,0,0,1,0,0
2020-02-17,-0.6023284779195012,0,0,0,0,0,0,0,0,0,1,0,0,0,0,0,0,0,1,0,none,,0,none,,,0,0,0,none,,0,none,,1,end,185,direction_and_magnitude_change,0,Trend Shift,none,0,0,0,0,0,1,0,0,0,0,0,0,0,1,0,0
2020-02-18,-0.9150068541121125,0,0,0,0,0,0,0,0,0,1,0,0,0,0,0,0,0,1,0,none,,0,none,,,0,0,0,none,,0,none,,1,end,185,direction_and_magnitude_change,0,Trend Shift,none,0,0,0,0,0,1,0,0,0,0,0,0,0,1,0,0
2020-02-19,-0.7364566604399732,0,0,0,0,0,0,0,0,0,1,0,0,0,0,0,0,0,1,0,none,,0,none,,,0,0,0,none,,0,none,,1,end,185,direction_and_magnitude_change,0,Trend Shift,none,0,0,0,0,0,1,0,0,0,0,0,0,0,1,0,0
2020-02-20,-1.1544665316122893,0,0,0,0,0,0,0,0,0,1,0,0,0,0,0,0,0,1,0,none,,0,none,,,0,0,0,none,,0,none,,1,end,185,direction_and_magnitude_change,0,Trend Shift,none,0,0,0,0,0,1,0,0,0,0,0,0,0,1,0,0
2020-02-21,-0.708577132903384,0,0,0,0,0,0,0,0,0,1,0,0,0,0,0,0,0,1,0,none,,0,none,,,0,0,0,none,,0,none,,1,end,185,direction_and_magnitude_change,0,Trend Shift,none,0,0,0,0,0,1,0,0,0,0,0,0,0,1,0,0
2020-02-22,-0.7936392864540243,0,0,0,0,0,0,0,0,0,1,0,0,0,0,0,0,0,1,0,none,,0,none,,,0,0,0,none,,0,none,,1,end,185,direction_and_magnitude_change,0,Trend Shift,none,0,0,0,0,0,1,0,0,0,0,0,0,0,1,0,0
2020-02-23,-0.7772955459191812,0,0,0,0,0,0,0,0,0,1,0,0,0,0,0,0,0,1,0,none,,0,none,,,0,0,0,none,,0,none,,1,end,185,direction_and_magnitude_change,0,Trend Shift,none,0,0,0,0,0,1,0,0,0,0,0,0,0,1,0,0
2020-02-24,-0.8611955912437876,0,0,0,0,0,0,0,0,0,1,0,0,0,0,0,0,0,1,0,none,,0,none,,,0,0,0,none,,0,none,,1,end,185,direction_and_magnitude_change,0,Trend Shift,none,0,0,0,0,0,1,0,0,0,0,0,0,0,1,0,0
2020-02-25,-0.6443733443411996,0,0,0,0,0,0,0,0,0,1,0,0,0,0,0,0,0,1,0,none,,0,none,,,0,0,0,none,,0,none,,1,end,185,direction_and_magnitude_change,0,Trend Shift,none,0,0,0,0,0,1,0,0,0,0,0,0,0,1,0,0
2020-02-26,-1.0164744210498802,0,0,0,0,0,0,0,0,0,1,0,0,0,0,0,0,0,1,0,none,,0,none,,,0,0,0,none,,0,none,,1,end,185,direction_and_magnitude_change,0,Trend Shift,none,0,0,0,0,0,1,0,0,0,0,0,0,0,1,0,0
2020-02-27,-0.4314693979059927,0,0,0,0,0,0,0,0,0,1,0,0,0,0,0,0,0,1,0,none,,0,none,,,0,0,0,none,,0,none,,1,end,185,direction_and_magnitude_change,0,Trend Shift,none,0,0,0,0,0,1,0,0,0,0,0,0,0,1,0,0
2020-02-28,-0.8614470728625574,0,0,0,0,0,0,0,0,0,1,0,0,0,0,0,0,0,1,0,none,,0,none,,,0,0,0,none,,0,none,,1,end,185,direction_and_magnitude_change,0,Trend Shift,none,0,0,0,0,0,1,0,0,0,0,0,0,0,1,0,0
2020-02-29,-0.9660756049267203,0,0,0,0,0,0,0,0,0,1,0,0,0,0,0,0,0,1,0,none,,0,none,,,0,0,0,none,,0,none,,1,end,185,direction_and_magnitude_change,0,Trend Shift,none,0,0,0,0,0,1,0,0,0,0,0,0,0,1,0,0
2020-03-01,-0.701439639119657,0,0,0,0,0,0,0,0,0,1,0,0,0,0,0,0,0,1,0,none,,0,none,,,0,0,0,none,,0,none,,1,end,185,direction_and_magnitude_change,0,Trend Shift,none,0,0,0,0,0,1,0,0,0,0,0,0,0,1,0,0
2020-03-02,-0.6404917286450652,0,0,0,0,0,0,0,0,0,1,0,0,0,0,0,0,0,1,0,none,,0,none,,,0,0,0,none,,0,none,,1,end,185,direction_and_magnitude_change,0,Trend Shift,none,0,0,0,0,0,1,0,0,0,0,0,0,0,1,0,0
2020-03-03,-0.6015463694782558,0,0,0,0,0,0,0,0,0,1,0,0,0,0,0,0,0,1,0,none,,0,none,,,0,0,0,none,,0,none,,1,end,185,direction_and_magnitude_change,0,Trend Shift,none,0,0,0,0,0,1,0,0,0,0,0,0,0,1,0,0
2020-03-04,-0.5773174180494804,0,0,0,0,0,0,0,0,0,1,0,0,0,0,0,0,0,1,0,none,,0,none,,,0,0,0,none,,0,none,,1,end,185,direction_and_magnitude_change,0,Trend Shift,none,0,0,0,0,0,1,0,0,0,0,0,0,0,1,0,0
2020-03-05,-0.36735863668078034,0,0,0,0,0,0,0,0,0,1,0,0,0,0,0,0,0,1,0,none,,0,none,,,0,0,0,none,,0,none,,1,end,185,direction_and_magnitude_change,0,Trend Shift,none,0,0,0,0,0,1,0,0,0,0,0,0,0,1,0,0
2020-03-06,-0.781395055234654,0,0,0,0,0,0,0,0,0,1,0,0,0,0,0,0,0,1,0,none,,0,none,,,0,0,0,none,,0,none,,1,end,185,direction_and_magnitude_change,0,Trend Shift,none,0,0,0,0,0,1,0,0,0,0,0,0,0,1,0,0
2020-03-07,0.07801265035572542,0,0,0,0,0,0,0,0,0,1,0,0,0,0,0,0,0,1,0,none,,0,none,,,0,0,0,none,,0,none,,1,end,185,direction_and_magnitude_change,0,Trend Shift,none,0,0,0,0,0,1,0,0,0,0,0,0,0,1,0,0
2020-03-08,-0.8620338697032712,0,0,0,0,0,0,0,0,0,1,0,0,0,0,0,0,0,1,0,none,,0,none,,,0,0,0,none,,0,none,,1,end,185,direction_and_magnitude_change,0,Trend Shift,none,0,0,0,0,0,1,0,0,0,0,0,0,0,1,0,0
2020-03-09,-0.029283072748333496,0,0,0,0,0,0,0,0,0,1,0,0,0,0,0,0,0,1,0,none,,0,none,,,0,0,0,none,,0,none,,1,end,185,direction_and_magnitude_change,0,Trend Shift,none,0,0,0,0,0,1,0,0,0,0,0,0,0,1,0,0
2020-03-10,-0.6073734657577476,0,0,0,0,0,0,0,0,0,1,0,0,0,0,0,0,0,1,0,none,,0,none,,,0,0,0,none,,0,none,,1,end,185,direction_and_magnitude_change,0,Trend Shift,none,0,0,0,0,0,1,0,0,0,0,0,0,0,1,0,0
2020-03-11,-0.5255330600461885,0,0,0,0,0,0,0,0,0,1,0,0,0,0,0,0,0,1,0,none,,0,none,,,0,0,0,none,,0,none,,1,end,185,direction_and_magnitude_change,0,Trend Shift,none,0,0,0,0,0,1,0,0,0,0,0,0,0,1,0,0
2020-03-12,-0.41794042679396864,0,0,0,0,0,0,0,0,0,1,0,0,0,0,0,0,0,1,0,none,,0,none,,,0,0,0,none,,0,none,,1,end,185,direction_and_magnitude_change,0,Trend Shift,none,0,0,0,0,0,1,0,0,0,0,0,0,0,1,0,0
2020-03-13,-0.3693805927874117,0,0,0,0,0,0,0,0,0,1,0,0,0,0,0,0,0,1,0,none,,0,none,,,0,0,0,none,,0,none,,1,end,185,direction_and_magnitude_change,0,Trend Shift,none,0,0,0,0,0,1,0,0,0,0,0,0,0,1,0,0
2020-03-14,-0.3610505132183739,0,0,0,0,0,0,0,0,0,1,0,0,0,0,0,0,0,1,0,none,,0,none,,,0,0,0,none,,0,none,,1,end,185,direction_and_magnitude_change,0,Trend Shift,none,0,0,0,0,0,1,0,0,0,0,0,0,0,1,0,0
2020-03-15,-0.4346323542614197,0,0,0,0,0,0,0,0,0,1,0,0,0,0,0,0,0,1,0,none,,0,none,,,0,0,0,none,,0,none,,1,end,185,direction_and_magnitude_change,0,Trend Shift,none,0,0,0,0,0,1,0,0,0,0,0,0,0,1,0,0
2020-03-16,-0.10226416342203695,0,0,0,0,0,0,0,0,0,1,0,0,0,0,0,0,0,1,0,none,,0,none,,,0,0,0,none,,0,none,,1,end,185,direction_and_magnitude_change,0,Trend Shift,none,0,0,0,0,0,1,0,0,0,0,0,0,0,1,0,0
2020-03-17,-0.53878274257416,0,0,0,0,0,0,0,0,0,1,0,0,0,0,0,0,0,1,0,none,,0,none,,,0,0,0,none,,0,none,,1,end,185,direction_and_magnitude_change,0,Trend Shift,none,0,0,0,0,0,1,0,0,0,0,0,0,0,1,0,0
2020-03-18,-0.05433269458790214,0,0,0,0,0,0,0,0,0,1,0,0,0,0,0,0,0,1,0,none,,0,none,,,0,0,0,none,,0,none,,1,end,185,direction_and_magnitude_change,0,Trend Shift,none,0,0,0,0,0,1,0,0,0,0,0,0,0,1,0,0
2020-03-19,-0.24078814579968388,0,0,0,0,0,0,0,0,0,1,0,0,0,0,0,0,0,1,0,none,,0,none,,,0,0,0,none,,0,none,,1,end,185,direction_and_magnitude_change,0,Trend Shift,none,0,0,0,0,0,1,0,0,0,0,0,0,0,1,0,0
2020-03-20,-0.4601478110723896,0,0,0,0,0,0,0,0,0,1,0,0,0,0,0,0,0,1,0,none,,0,none,,,0,0,0,none,,0,none,,1,end,185,direction_and_magnitude_change,0,Trend Shift,none,0,0,0,0,0,1,0,0,0,0,0,0,0,1,0,0
2020-03-21,-0.3489837678711984,0,0,0,0,0,0,0,0,0,1,0,0,0,0,0,0,0,1,0,none,,0,none,,,0,0,0,none,,0,none,,1,end,185,direction_and_magnitude_change,0,Trend Shift,none,0,0,0,0,0,1,0,0,0,0,0,0,0,1,0,0
2020-03-22,-0.27618036477985525,0,0,0,0,0,0,0,0,0,1,0,0,0,0,0,0,0,1,0,none,,0,none,,,0,0,0,none,,0,none,,1,end,185,direction_and_magnitude_change,0,Trend Shift,none,0,0,0,0,0,1,0,0,0,0,0,0,0,1,0,0
2020-03-23,-0.17407923844991952,0,0,0,0,0,0,0,0,0,1,0,0,0,0,0,0,0,1,0,none,,0,none,,,0,0,0,none,,0,none,,1,end,185,direction_and_magnitude_change,0,Trend Shift,none,0,0,0,0,0,1,0,0,0,0,0,0,0,1,0,0
2020-03-24,-0.04898721157782314,0,0,0,0,0,0,0,0,0,1,0,0,0,0,0,0,0,1,0,none,,0,none,,,0,0,0,none,,0,none,,1,end,185,direction_and_magnitude_change,0,Trend Shift,none,0,0,0,0,0,1,0,0,0,0,0,0,0,1,0,0
2020-03-25,-0.28900035750555697,0,0,0,0,0,0,0,0,0,1,0,0,0,0,0,0,0,1,0,none,,0,none,,,0,0,0,none,,0,none,,1,end,185,direction_and_magnitude_change,0,Trend Shift,none,0,0,0,0,0,1,0,0,0,0,0,0,0,1,0,0
2020-03-26,-0.1466872011220418,0,0,0,0,0,0,0,0,0,1,0,0,0,0,0,0,0,1,0,none,,0,none,,,0,0,0,none,,0,none,,1,end,185,direction_and_magnitude_change,0,Trend Shift,none,0,0,0,0,0,1,0,0,0,0,0,0,0,1,0,0
2020-03-27,-0.22850301517289745,0,0,0,0,0,0,0,0,0,1,0,0,0,0,0,0,0,1,0,none,,0,none,,,0,0,0,none,,0,none,,1,end,185,direction_and_magnitude_change,0,Trend Shift,none,0,0,0,0,0,1,0,0,0,0,0,0,0,1,0,0
2020-03-28,0.06752557050283109,0,0,0,0,0,0,0,0,0,1,0,0,0,0,0,0,0,1,0,none,,0,none,,,0,0,0,none,,0,none,,1,end,185,direction_and_magnitude_change,0,Trend Shift,none,0,0,0,0,0,1,0,0,0,0,0,0,0,1,0,0
2020-03-29,-0.4060511738977282,0,0,0,0,0,0,0,0,0,1,0,0,0,0,0,0,0,1,0,none,,0,none,,,0,0,0,none,,0,none,,1,end,185,direction_and_magnitude_change,0,Trend Shift,none,0,0,0,0,0,1,0,0,0,0,0,0,0,1,0,0
2020-03-30,0.05980984467315449,0,0,0,0,0,0,0,0,0,1,0,0,0,0,0,0,0,1,0,none,,0,none,,,0,0,0,none,,0,none,,1,end,185,direction_and_magnitude_change,0,Trend Shift,none,0,0,0,0,0,1,0,0,0,0,0,0,0,1,0,0
2020-03-31,-0.3840511754173538,0,0,0,0,0,0,0,0,0,1,0,0,0,0,0,0,0,1,0,none,,0,none,,,0,0,0,none,,0,none,,1,end,185,direction_and_magnitude_change,0,Trend Shift,none,0,0,0,0,0,1,0,0,0,0,0,0,0,1,0,0
2020-04-01,0.1054724541015099,0,0,0,0,0,0,0,0,0,1,0,0,0,0,0,0,0,1,0,none,,0,none,,,0,0,0,none,,0,none,,1,end,185,direction_and_magnitude_change,0,Trend Shift,none,0,0,0,0,0,1,0,0,0,0,0,0,0,1,0,0
2020-04-02,-0.13243864809197267,0,0,0,0,0,0,0,0,0,1,0,0,0,0,0,0,0,1,0,none,,0,none,,,0,0,0,none,,0,none,,1,end,185,direction_and_magnitude_change,0,Trend Shift,none,0,0,0,0,0,1,0,0,0,0,0,0,0,1,0,0
2020-04-03,-0.16884279510110892,0,0,0,0,0,0,0,0,0,1,0,0,0,0,0,0,0,1,0,none,,0,none,,,0,0,0,none,,0,none,,1,end,185,direction_and_magnitude_change,0,Trend Shift,none,0,0,0,0,0,1,0,0,0,0,0,0,0,1,0,0
2020-04-04,0.01578314587621262,0,0,0,0,0,0,0,0,0,1,0,0,0,0,0,0,0,1,0,none,,0,none,,,0,0,0,none,,0,none,,1,end,185,direction_and_magnitude_change,0,Trend Shift,none,0,0,0,0,0,1,0,0,0,0,0,0,0,1,0,0
2020-04-05,-0.017089858840376046,0,0,0,0,0,0,0,0,0,1,0,0,0,0,0,0,0,1,0,none,,0,none,,,0,0,0,none,,0,none,,1,end,185,direction_and_magnitude_change,0,Trend Shift,none,0,0,0,0,0,1,0,0,0,0,0,0,0,1,0,0
2020-04-06,0.32783353478568406,0,0,0,0,0,0,0,0,0,1,0,0,0,0,0,0,0,1,0,none,,0,none,,,0,0,0,none,,0,none,,1,end,185,direction_and_magnitude_change,0,Trend Shift,none,0,0,0,0,0,1,0,0,0,0,0,0,0,1,0,0
2020-04-07,-0.1826309538172627,0,0,0,0,0,0,0,0,0,1,0,0,0,0,0,0,0,1,0,none,,0,none,,,0,0,0,none,,0,none,,1,end,185,direction_and_magnitude_change,0,Trend Shift,none,0,0,0,0,0,1,0,0,0,0,0,0,0,1,0,0
2020-04-08,0.36183752209911807,0,0,0,0,0,0,0,0,0,1,0,0,0,0,0,0,0,1,0,none,,0,none,,,0,0,0,none,,0,none,,1,end,185,direction_and_magnitude_change,0,Trend Shift,none,0,0,0,0,0,1,0,0,0,0,0,0,0,1,0,0
2020-04-09,-0.15571432401824817,0,0,0,0,0,0,0,0,0,1,0,0,0,0,0,0,0,1,0,none,,0,none,,,0,0,0,none,,0,none,,1,end,185,direction_and_magnitude_change,0,Trend Shift,none,0,0,0,0,0,1,0,0,0,0,0,0,0,1,0,0
2020-04-10,-0.1806043366213343,0,0,0,0,0,0,0,0,0,1,0,0,0,0,0,0,0,1,0,none,,0,none,,,0,0,0,none,,0,none,,1,end,185,direction_and_magnitude_change,0,Trend Shift,none,0,0,0,0,0,1,0,0,0,0,0,0,0,1,0,0
2020-04-11,0.2260991794929826,0,0,0,0,0,0,0,0,0,1,0,0,0,0,0,0,0,1,0,none,,0,none,,,0,0,0,none,,0,none,,1,end,185,direction_and_magnitude_change,0,Trend Shift,none,0,0,0,0,0,1,0,0,0,0,0,0,0,1,0,0
2020-04-12,0.12362306399765309,0,0,0,0,0,0,0,0,0,1,0,0,0,0,0,0,0,1,0,none,,0,none,,,0,0,0,none,,0,none,,1,end,185,direction_and_magnitude_change,0,Trend Shift,none,0,0,0,0,0,1,0,0,0,0,0,0,0,1,0,0
2020-04-13,-0.12323256023029948,0,0,0,0,0,0,0,0,0,1,0,0,0,0,0,0,0,1,0,none,,0,none,,,0,0,0,none,,0,none,,1,end,185,direction_and_magnitude_change,0,Trend Shift,none,0,0,0,0,0,1,0,0,0,0,0,0,0,1,0,0
2020-04-14,0.2524505368067757,0,0,0,0,0,0,0,0,0,1,0,0,0,0,0,0,0,1,0,none,,0,none,,,0,0,0,none,,0,none,,1,end,185,direction_and_magnitude_change,0,Trend Shift,none,0,0,0,0,0,1,0,0,0,0,0,0,0,1,0,0
2020-04-15,-0.10260806527164613,0,0,0,0,0,0,0,0,0,1,0,0,0,0,0,0,0,1,0,none,,0,none,,,0,0,0,none,,0,none,,1,end,185,direction_and_magnitude_change,0,Trend Shift,none,0,0,0,0,0,1,0,0,0,0,0,0,0,1,0,0
2020-04-16,0.4250822675306015,0,0,0,0,0,0,0,0,0,1,0,0,0,0,0,0,0,1,0,none,,0,none,,,0,0,0,none,,0,none,,1,end,185,direction_and_magnitude_change,0,Trend Shift,none,0,0,0,0,0,1,0,0,0,0,0,0,0,1,0,0
2020-04-17,0.01671238403249462,0,0,0,0,0,0,0,0,0,1,0,0,0,0,0,0,0,1,0,none,,0,none,,,0,0,0,none,,0,none,,1,end,185,direction_and_magnitude_change,0,Trend Shift,none,0,0,0,0,0,1,0,0,0,0,0,0,0,1,0,0
2020-04-18,0.5396210742499402,0,0,0,0,0,0,0,0,0,1,0,0,0,0,0,0,0,1,0,none,,0,none,,,0,0,0,none,,0,none,,1,end,185,direction_and_magnitude_change,0,Trend Shift,none,0,0,0,0,0,1,0,0,0,0,0,0,0,1,0,0
2020-04-19,0.043365220409762685,0,0,0,0,0,0,0,0,0,1,0,0,0,0,0,0,0,1,0,none,,0,none,,,0,0,0,none,,0,none,,1,end,185,direction_and_magnitude_change,0,Trend Shift,none,0,0,0,0,0,1,0,0,0,0,0,0,0,1,0,0
2020-04-20,0.5650697697795736,0,0,0,0,0,0,0,0,0,1,0,0,0,0,0,0,0,1,0,none,,0,none,,,0,0,0,none,,0,none,,1,end,185,direction_and_magnitude_change,0,Trend Shift,none,0,0,0,0,0,1,0,0,0,0,0,0,0,1,0,0
2020-04-21,-0.04342360545118909,0,0,0,0,0,0,0,0,0,1,0,0,0,0,0,0,0,1,0,none,,0,none,,,0,0,0,none,,0,none,,1,end,185,direction_and_magnitude_change,0,Trend Shift,none,0,0,0,0,0,1,0,0,0,0,0,0,0,1,0,0
2020-04-22,0.4786123654934022,0,0,0,0,0,0,0,0,0,1,0,0,0,0,0,0,0,1,0,none,,0,none,,,0,0,0,none,,0,none,,1,end,185,direction_and_magnitude_change,0,Trend Shift,none,0,0,0,0,0,1,0,0,0,0,0,0,0,1,0,0
2020-04-23,0.13647628968456912,0,0,0,0,0,0,0,0,0,1,0,0,0,0,0,0,0,1,0,none,,0,none,,,0,0,0,none,,0,none,,1,end,185,direction_and_magnitude_change,0,Trend Shift,none,0,0,0,0,0,1,0,0,0,0,0,0,0,1,0,0
2020-04-24,0.2631960250526536,0,0,0,0,0,0,0,0,0,1,0,0,0,0,0,0,0,1,0,none,,0,none,,,0,0,0,none,,0,none,,1,end,185,direction_and_magnitude_change,0,Trend Shift,none,0,0,0,0,0,1,0,0,0,0,0,0,0,1,0,0
2020-04-25,0.47033876074511227,0,0,0,0,0,0,0,0,0,1,0,0,0,0,0,0,0,1,0,none,,0,none,,,0,0,0,none,,0,none,,1,end,185,direction_and_magnitude_change,0,Trend Shift,none,0,0,0,0,0,1,0,0,0,0,0,0,0,1,0,0
2020-04-26,0.17529646580068042,0,0,0,0,0,0,0,0,0,1,0,0,0,0,0,0,0,1,0,none,,0,none,,,0,0,0,none,,0,none,,1,end,185,direction_and_magnitude_change,0,Trend Shift,none,0,0,0,0,0,1,0,0,0,0,0,0,0,1,0,0
2020-04-27,0.6374613530569199,0,0,0,0,0,0,0,0,0,1,0,0,0,0,0,0,0,1,0,none,,0,none,,,0,0,0,none,,0,none,,1,end,185,direction_and_magnitude_change,0,Trend Shift,none,0,0,0,0,0,1,0,0,0,0,0,0,0,1,0,0
2020-04-28,-0.05556659212173809,0,0,0,0,0,0,0,0,0,1,0,0,0,0,0,0,0,1,0,none,,0,none,,,0,0,0,none,,0,none,,1,end,185,direction_and_magnitude_change,0,Trend Shift,none,0,0,0,0,0,1,0,0,0,0,0,0,0,1,0,0
2020-04-29,0.5452490987331514,0,0,0,0,0,0,0,0,0,1,0,0,0,0,0,0,0,1,0,none,,0,none,,,0,0,0,none,,0,none,,1,end,185,direction_and_magnitude_change,0,Trend Shift,none,0,0,0,0,0,1,0,0,0,0,0,0,0,1,0,0
2020-04-30,0.21400890725504226,0,0,0,0,0,0,0,0,0,1,0,0,0,0,0,0,0,1,0,none,,0,none,,,0,0,0,none,,0,none,,1,end,185,direction_and_magnitude_change,0,Trend Shift,none,0,0,0,0,0,1,0,0,0,0,0,0,0,1,0,0
2020-05-01,0.608732353638624,0,0,0,0,0,0,0,0,0,1,0,0,0,0,0,0,0,1,0,none,,0,none,,,0,0,0,none,,0,none,,1,end,185,direction_and_magnitude_change,0,Trend Shift,none,0,0,0,0,0,1,0,0,0,0,0,0,0,1,0,0
2020-05-02,0.24081159754718748,0,0,0,0,0,0,0,0,0,1,0,0,0,0,0,0,0,1,0,none,,0,none,,,0,0,0,none,,0,none,,1,end,185,direction_and_magnitude_change,0,Trend Shift,none,0,0,0,0,0,1,0,0,0,0,0,0,0,1,0,0
2020-05-03,0.7192342059665854,0,0,0,0,0,0,0,0,0,1,0,0,0,0,0,0,0,1,0,none,,0,none,,,0,0,0,none,,0,none,,1,end,185,direction_and_magnitude_change,0,Trend Shift,none,0,0,0,0,0,1,0,0,0,0,0,0,0,1,0,0
2020-05-04,0.5438050579190661,0,0,0,0,0,0,0,0,0,1,0,0,0,0,0,0,0,1,0,none,,0,none,,,0,0,0,none,,0,none,,1,end,185,direction_and_magnitude_change,0,Trend Shift,none,0,0,0,0,0,1,0,0,0,0,0,0,0,1,0,0
2020-05-05,0.3784713983664069,0,0,0,0,0,0,0,0,0,1,0,0,0,0,0,0,0,1,0,none,,0,none,,,0,0,0,none,,0,none,,1,end,185,direction_and_magnitude_change,0,Trend Shift,none,0,0,0,0,0,1,0,0,0,0,0,0,0,1,0,0
2020-05-06,0.41831955722894615,0,0,0,0,0,0,0,0,0,1,0,0,0,0,0,0,0,1,0,none,,0,none,,,0,0,0,none,,0,none,,1,end,185,direction_and_magnitude_change,0,Trend Shift,none,0,0,0,0,0,1,0,0,0,0,0,0,0,1,0,0
2020-05-07,0.819544635969353,0,0,0,0,0,0,0,0,0,1,0,0,0,0,0,0,0,1,0,none,,0,none,,,0,0,0,none,,0,none,,1,end,185,direction_and_magnitude_change,0,Trend Shift,none,0,0,0,0,0,1,0,0,0,0,0,0,0,1,0,0
2020-05-08,0.7009008861762334,0,0,0,0,0,0,0,0,0,1,0,0,0,0,0,0,0,1,0,none,,0,none,,,0,0,0,none,,0,none,,1,end,185,direction_and_magnitude_change,0,Trend Shift,none,0,0,0,0,0,1,0,0,0,0,0,0,0,1,0,0
2020-05-09,0.3850747483285857,0,0,0,0,0,0,0,0,0,1,0,0,0,0,0,0,0,1,0,none,,0,none,,,0,0,0,none,,0,none,,1,end,185,direction_and_magnitude_change,0,Trend Shift,none,0,0,0,0,0,1,0,0,0,0,0,0,0,1,0,0
2020-05-10,0.6658482464703271,0,0,0,0,0,0,0,0,0,1,0,0,0,0,0,0,0,1,0,none,,0,none,,,0,0,0,none,,0,none,,1,end,185,direction_and_magnitude_change,0,Trend Shift,none,0,0,0,0,0,1,0,0,0,0,0,0,0,1,0,0
2020-05-11,0.738278478189883,0,0,0,0,0,0,0,0,0,1,0,0,0,0,0,0,0,1,0,none,,0,none,,,0,0,0,none,,0,none,,1,end,185,direction_and_magnitude_change,0,Trend Shift,none,0,0,0,0,0,1,0,0,0,0,0,0,0,1,0,0
2020-05-12,0.7177344448586832,0,0,0,0,0,0,0,0,0,1,0,0,0,0,0,0,0,1,0,none,,0,none,,,0,0,0,none,,0,none,,1,end,185,direction_and_magnitude_change,0,Trend Shift,none,0,0,0,0,0,1,0,0,0,0,0,0,0,1,0,0
2020-05-13,0.5949481423496172,0,0,0,0,0,0,0,0,0,1,0,0,0,0,0,0,0,1,0,none,,0,none,,,0,0,0,none,,0,none,,1,end,185,direction_and_magnitude_change,0,Trend Shift,none,0,0,0,0,0,1,0,0,0,0,0,0,0,1,0,0
2020-05-14,0.7544289302151882,0,0,0,0,0,0,0,0,0,1,0,0,0,0,0,0,0,1,0,none,,0,none,,,0,0,0,none,,0,none,,1,end,185,direction_and_magnitude_change,0,Trend Shift,none,0,0,0,0,0,1,0,0,0,0,0,0,0,1,0,0
2020-05-15,0.5708115662243815,0,0,0,0,0,0,0,0,0,1,0,0,0,0,0,0,0,1,0,none,,0,none,,,0,0,0,none,,0,none,,1,end,185,direction_and_magnitude_change,0,Trend Shift,none,0,0,0,0,0,1,0,0,0,0,0,0,0,1,0,0
2020-05-16,0.9777540179859509,0,0,0,0,0,0,0,0,0,1,0,0,0,0,0,0,0,1,0,none,,0,none,,,0,0,0,none,,0,none,,1,end,185,direction_and_magnitude_change,0,Trend Shift,none,0,0,0,0,0,1,0,0,0,0,0,0,0,1,0,0
2020-05-17,0.7752393497084614,0,0,0,0,0,0,0,0,0,1,0,0,0,0,0,0,0,1,0,none,,0,none,,,0,0,0,none,,0,none,,1,end,185,direction_and_magnitude_change,0,Trend Shift,none,0,0,0,0,0,1,0,0,0,0,0,0,0,1,0,0
2020-05-18,0.9959665824992486,0,0,0,0,0,0,0,0,0,1,0,0,0,0,0,0,0,1,0,none,,0,none,,,0,0,0,none,,0,none,,1,end,185,direction_and_magnitude_change,0,Trend Shift,none,0,0,0,0,0,1,0,0,0,0,0,0,0,1,0,0
2020-05-19,0.850397461157833,0,0,0,0,0,0,0,0,0,1,0,0,0,0,0,0,0,1,0,none,,0,none,,,0,0,0,none,,0,none,,1,end,185,direction_and_magnitude_change,0,Trend Shift,none,0,0,0,0,0,1,0,0,0,0,0,0,0,1,0,0
2020-05-20,0.9162124089715218,0,0,0,0,0,0,0,0,0,1,0,0,0,0,0,0,0,1,0,none,,0,none,,,0,0,0,none,,0,none,,1,end,185,direction_and_magnitude_change,0,Trend Shift,none,0,0,0,0,0,1,0,0,0,0,0,0,0,1,0,0
2020-05-21,0.845204553496236,0,0,0,0,0,0,0,0,0,1,0,0,0,0,0,0,0,1,0,none,,0,none,,,0,0,0,none,,0,none,,1,end,185,direction_and_magnitude_change,0,Trend Shift,none,0,0,0,0,0,1,0,0,0,0,0,0,0,1,0,0
2020-05-22,0.964577179596945,0,0,0,0,0,0,0,0,0,1,0,0,0,0,0,0,0,1,0,none,,0,none,,,0,0,0,none,,0,none,,1,end,185,direction_and_magnitude_change,0,Trend Shift,none,0,0,0,0,0,1,0,0,0,0,0,0,0,1,0,0
2020-05-23,0.6316607092263731,0,0,0,0,0,0,0,0,0,1,0,0,0,0,0,0,0,1,0,none,,0,none,,,0,0,0,none,,0,none,,1,end,185,direction_and_magnitude_change,0,Trend Shift,none,0,0,0,0,0,1,0,0,0,0,0,0,0,1,0,0
2020-05-24,1.1036086982875235,0,0,0,0,0,0,0,0,0,1,0,0,0,0,0,0,0,1,0,none,,0,none,,,0,0,0,none,,0,none,,1,end,185,direction_and_magnitude_change,0,Trend Shift,none,0,0,0,0,0,1,0,0,0,0,0,0,0,1,0,0
2020-05-25,0.6538825719569443,0,0,0,0,0,0,0,0,0,1,0,0,0,0,0,0,0,1,0,none,,0,none,,,0,0,0,none,,0,none,,1,end,185,direction_and_magnitude_change,0,Trend Shift,none,0,0,0,0,0,1,0,0,0,0,0,0,0,1,0,0
2020-05-26,1.246724131253123,0,0,0,0,0,0,0,0,0,1,0,0,0,0,0,0,0,1,0,none,,0,none,,,0,0,0,none,,0,none,,1,end,185,direction_and_magnitude_change,0,Trend Shift,none,0,0,0,0,0,1,0,0,0,0,0,0,0,1,0,0
2020-05-27,0.6869753691753706,0,0,0,0,0,0,0,0,0,1,0,0,0,0,0,0,0,1,0,none,,0,none,,,0,0,0,none,,0,none,,1,end,185,direction_and_magnitude_change,0,Trend Shift,none,0,0,0,0,0,1,0,0,0,0,0,0,0,1,0,0
2020-05-28,1.3105525907830349,0,0,0,0,0,0,0,0,0,1,0,0,0,0,0,0,0,1,0,none,,0,none,,,0,0,0,none,,0,none,,1,end,185,direction_and_magnitude_change,0,Trend Shift,none,0,0,0,0,0,1,0,0,0,0,0,0,0,1,0,0
2020-05-29,0.9895741030023809,0,0,0,0,0,0,0,0,0,1,0,0,0,0,0,0,0,1,0,none,,0,none,,,0,0,0,none,,0,none,,1,end,185,direction_and_magnitude_change,0,Trend Shift,none,0,0,0,0,0,1,0,0,0,0,0,0,0,1,0,0
2020-05-30,0.7205441975115456,0,0,0,0,0,0,0,0,0,1,0,0,0,0,0,0,0,1,0,none,,0,none,,,0,0,0,none,,0,none,,1,end,185,direction_and_magnitude_change,0,Trend Shift,none,0,0,0,0,0,1,0,0,0,0,0,0,0,1,0,0
2020-05-31,0.8030884507514707,0,0,0,0,0,0,0,0,0,1,0,0,0,0,0,0,0,1,0,none,,0,none,,,0,0,0,none,,0,none,,1,end,185,direction_and_magnitude_change,0,Trend Shift,none,0,0,0,0,0,1,0,0,0,0,0,0,0,1,0,0
2020-06-01,1.2952040144951167,0,0,0,0,0,0,0,0,0,1,0,0,0,0,0,0,0,1,0,none,,0,none,,,0,0,0,none,,0,none,,1,end,185,direction_and_magnitude_change,0,Trend Shift,none,0,0,0,0,0,1,0,0,0,0,0,0,0,1,0,0
2020-06-02,1.2374182856042775,0,0,0,0,0,0,0,0,0,1,0,0,0,0,0,0,0,1,0,none,,0,none,,,0,0,0,none,,0,none,,1,end,185,direction_and_magnitude_change,0,Trend Shift,none,0,0,0,0,0,1,0,0,0,0,0,0,0,1,0,0
2020-06-03,0.8959988167817019,0,0,0,0,0,0,0,0,0,1,0,0,0,0,0,0,0,1,0,none,,0,none,,,0,0,0,none,,0,none,,1,end,185,direction_and_magnitude_change,0,Trend Shift,none,0,0,0,0,0,1,0,0,0,0,0,0,0,1,0,0
2020-06-04,0.9700906832717654,0,0,0,0,0,0,0,0,0,1,0,0,0,0,0,0,0,1,0,none,,0,none,,,0,0,0,none,,0,none,,1,end,185,direction_and_magnitude_change,0,Trend Shift,none,0,0,0,0,0,1,0,0,0,0,0,0,0,1,0,0
2020-06-05,1.0497256120220293,0,0,0,0,0,0,0,0,0,1,0,0,0,0,0,0,0,1,0,none,,0,none,,,0,0,0,none,,0,none,,1,end,185,direction_and_magnitude_change,0,Trend Shift,none,0,0,0,0,0,1,0,0,0,0,0,0,0,1,0,0
2020-06-06,1.1332477539955021,0,0,0,0,0,0,0,0,0,1,0,0,0,0,0,0,0,1,0,none,,0,none,,,0,0,0,none,,0,none,,1,end,185,direction_and_magnitude_change,0,Trend Shift,none,0,0,0,0,0,1,0,0,0,0,0,0,0,1,0,0
2020-06-07,1.452629872969663,0,0,0,0,0,0,0,0,0,1,0,0,0,0,0,0,0,1,0,none,,0,none,,,0,0,0,none,,0,none,,1,end,185,direction_and_magnitude_change,0,Trend Shift,none,0,0,0,0,0,1,0,0,0,0,0,0,0,1,0,0
2020-06-08,1.0336354392215616,0,0,0,0,0,0,0,0,0,1,0,0,0,0,0,0,0,1,0,none,,0,none,,,0,0,0,none,,0,none,,1,end,185,direction_and_magnitude_change,0,Trend Shift,none,0,0,0,0,0,1,0,0,0,0,0,0,0,1,0,0
2020-06-09,1.2994540799058134,0,0,0,0,0,0,0,0,0,1,0,0,0,0,0,0,0,1,0,none,,0,none,,,0,0,0,none,,0,none,,1,end,185,direction_and_magnitude_change,0,Trend Shift,none,0,0,0,0,0,1,0,0,0,0,0,0,0,1,0,0
2020-06-10,1.345085552319852,0,0,0,0,0,0,0,0,0,1,0,0,0,0,0,0,0,1,0,none,,0,none,,,0,0,0,none,,0,none,,1,end,185,direction_and_magnitude_change,0,Trend Shift,none,0,0,0,0,0,1,0,0,0,0,0,0,0,1,0,0
2020-06-11,1.5555123059067058,0,0,0,0,0,0,0,0,0,1,0,0,0,0,0,0,0,1,0,none,,0,none,,,0,0,0,none,,0,none,,1,end,185,direction_and_magnitude_change,0,Trend Shift,none,0,0,0,0,0,1,0,0,0,0,0,0,0,1,0,0
2020-06-12,1.1163263259304106,0,0,0,0,0,0,0,0,0,1,0,0,0,0,0,0,0,1,0,none,,0,none,,,0,0,0,none,,0,none,,1,end,185,direction_and_magnitude_change,0,Trend Shift,none,0,0,0,0,0,1,0,0,0,0,0,0,0,1,0,0
2020-06-13,1.552530628411109,0,0,0,0,0,0,0,0,0,1,0,0,0,0,0,0,0,1,0,none,,0,none,,,0,0,0,none,,0,none,,1,end,185,direction_and_magnitude_change,0,Trend Shift,none,0,0,0,0,0,1,0,0,0,0,0,0,0,1,0,0
2020-06-14,1.4902905542644238,0,0,0,0,0,0,0,0,0,1,0,0,0,0,0,0,0,1,0,none,,0,none,,,0,0,0,none,,0,none,,1,end,185,direction_and_magnitude_change,0,Trend Shift,none,0,0,0,0,0,1,0,0,0,0,0,0,0,1,0,0
2020-06-15,1.2488320262023875,0,0,0,0,0,0,0,0,0,1,0,0,0,0,0,0,0,1,0,none,,0,none,,,0,0,0,none,,0,none,,1,end,185,direction_and_magnitude_change,0,Trend Shift,none,0,0,0,0,0,1,0,0,0,0,0,0,0,1,0,0
2020-06-16,1.6211563887574016,0,0,0,0,0,0,0,0,0,1,0,0,0,0,0,0,0,1,0,none,,0,none,,,0,0,0,none,,0,none,,1,end,185,direction_and_magnitude_change,0,Trend Shift,none,0,0,0,0,0,1,0,0,0,0,0,0,0,1,0,0
2020-06-17,1.202076499688477,0,0,0,0,0,0,0,0,0,1,0,0,0,0,0,0,0,1,0,none,,0,none,,,0,0,0,none,,0,none,,1,end,185,direction_and_magnitude_change,0,Trend Shift,none,0,0,0,0,0,1,0,0,0,0,0,0,0,1,0,0
2020-06-18,1.4890699461655996,0,0,0,0,0,0,0,0,0,1,0,0,0,0,0,0,0,1,0,none,,0,none,,,0,0,0,none,,0,none,,1,end,185,direction_and_magnitude_change,0,Trend Shift,none,0,0,0,0,0,1,0,0,0,0,0,0,0,1,0,0
2020-06-19,1.14977759509987,0,0,0,0,0,0,0,0,0,1,0,0,0,0,0,0,0,1,0,none,,0,none,,,0,0,0,none,,0,none,,1,end,185,direction_and_magnitude_change,0,Trend Shift,none,0,0,0,0,0,1,0,0,0,0,0,0,0,1,0,0
2020-06-20,1.2917470753025229,0,0,0,0,0,0,0,0,0,1,0,0,0,0,0,0,0,1,0,none,,0,none,,,0,0,0,none,,0,none,,1,end,185,direction_and_magnitude_change,0,Trend Shift,none,0,0,0,0,0,1,0,0,0,0,0,0,0,1,0,0
2020-06-21,1.4435842593796828,0,0,0,0,0,0,0,0,0,1,0,0,0,0,0,0,0,1,0,none,,0,none,,,0,0,0,none,,0,none,,1,end,185,direction_and_magnitude_change,0,Trend Shift,none,0,0,0,0,0,1,0,0,0,0,0,0,0,1,0,0
2020-06-22,1.2787114252675558,0,0,0,0,0,0,0,0,0,1,0,0,0,0,0,0,0,1,0,none,,0,none,,,0,0,0,none,,0,none,,1,end,185,direction_and_magnitude_change,0,Trend Shift,none,0,0,0,0,0,1,0,0,0,0,0,0,0,1,0,0
2020-06-23,1.5063029980052054,0,0,0,0,0,0,0,0,0,1,0,0,0,0,0,0,0,1,0,none,,0,none,,,0,0,0,none,,0,none,,1,end,185,direction_and_magnitude_change,0,Trend Shift,none,0,0,0,0,0,1,0,0,0,0,0,0,0,1,0,0
2020-06-24,1.4802498322918871,0,0,0,0,0,0,0,0,0,1,0,0,0,0,0,0,0,1,0,none,,0,none,,,0,0,0,none,,0,none,,1,end,185,direction_and_magnitude_change,0,Trend Shift,none,0,0,0,0,0,1,0,0,0,0,0,0,0,1,0,0
2020-06-25,1.453730002152279,0,0,0,0,0,0,0,0,0,1,0,0,0,0,0,0,0,1,0,none,,0,none,,,0,0,0,none,,0,none,,1,end,185,direction_and_magnitude_change,0,Trend Shift,none,0,0,0,0,0,1,0,0,0,0,0,0,0,1,0,0
2020-06-26,1.6927826657971798,0,0,0,0,0,0,0,0,0,1,0,0,0,0,0,0,0,1,0,none,,0,none,,,0,0,0,none,,0,none,,1,end,185,direction_and_magnitude_change,0,Trend Shift,none,0,0,0,0,0,1,0,0,0,0,0,0,0,1,0,0
2020-06-27,1.6326386689854337,0,0,0,0,0,0,0,0,0,1,0,0,0,0,0,0,0,1,0,none,,0,none,,,0,0,0,none,,0,none,,1,end,185,direction_and_magnitude_change,0,Trend Shift,none,0,0,0,0,0,1,0,0,0,0,0,0,0,1,0,0
2020-06-28,1.7079450933264892,0,0,0,0,0,0,0,0,0,1,0,0,0,0,0,0,0,1,0,none,,0,none,,,0,0,0,none,,0,none,,1,end,185,direction_and_magnitude_change,0,Trend Shift,none,0,0,0,0,0,1,0,0,0,0,0,0,0,1,0,0
2020-06-29,1.734390758958581,0,0,0,0,0,0,0,0,0,1,0,0,0,0,0,0,0,1,0,none,,0,none,,,0,0,0,none,,0,none,,1,end,185,direction_and_magnitude_change,0,Trend Shift,none,0,0,0,0,0,1,0,0,0,0,0,0,0,1,0,0
2020-06-30,1.4306575062672706,0,0,0,0,0,0,0,0,0,1,0,0,0,0,0,0,0,1,0,none,,0,none,,,0,0,0,none,,0,none,,1,end,185,direction_and_magnitude_change,0,Trend Shift,none,0,0,0,0,0,1,0,0,0,0,0,0,0,1,0,0
2020-07-01,1.8990208697875905,0,0,0,0,0,0,0,0,0,1,0,0,0,0,0,0,0,1,0,none,,0,none,,,0,0,0,none,,0,none,,1,end,185,direction_and_magnitude_change,0,Trend Shift,none,0,0,0,0,0,1,0,0,0,0,0,0,0,1,0,0
2020-07-02,1.6317051190891205,0,0,0,0,0,0,0,0,0,1,0,0,0,0,0,0,0,1,0,none,,0,none,,,0,0,0,none,,0,none,,1,end,185,direction_and_magnitude_change,0,Trend Shift,none,0,0,0,0,0,1,0,0,0,0,0,0,0,1,0,0
2020-07-03,1.1918804325861372,0,0,0,0,0,0,0,0,0,1,0,0,0,0,0,0,0,1,0,none,,0,none,,,0,0,0,none,,0,none,,1,end,185,direction_and_magnitude_change,0,Trend Shift,none,0,0,0,0,0,1,0,0,0,0,0,0,0,1,0,0
2020-07-04,2.0044715151797976,0,0,0,0,0,0,0,0,0,1,0,0,0,0,0,0,0,1,0,none,,0,none,,,0,0,0,none,,0,none,,1,end,185,direction_and_magnitude_change,0,Trend Shift,none,0,0,0,0,0,1,0,0,0,0,0,0,0,1,0,0
2020-07-05,1.1464111920936093,0,0,0,0,0,0,0,0,0,1,0,0,0,0,0,0,0,1,0,none,,0,none,,,0,0,0,none,,0,none,,1,end,185,direction_and_magnitude_change,0,Trend Shift,none,0,0,0,0,0,1,0,0,0,0,0,0,0,1,0,0
2020-07-06,1.6286071397891781,0,0,0,0,0,0,0,0,0,1,0,0,0,0,0,0,0,1,0,none,,0,none,,,0,0,0,none,,0,none,,1,end,185,direction_and_magnitude_change,0,Trend Shift,none,0,0,0,0,0,1,0,0,0,0,0,0,0,1,0,0
2020-07-07,1.2027615013443036,0,0,0,0,0,0,0,0,0,1,0,0,0,0,0,0,0,1,0,none,,0,none,,,0,0,0,none,,0,none,,1,end,185,direction_and_magnitude_change,0,Trend Shift,none,0,0,0,0,0,1,0,0,0,0,0,0,0,1,0,0
2020-07-08,1.9175913621904777,0,0,0,0,0,0,0,0,0,1,0,0,0,0,0,0,0,1,0,none,,0,none,,,0,0,0,none,,0,none,,1,end,185,direction_and_magnitude_change,0,Trend Shift,none,0,0,0,0,0,1,0,0,0,0,0,0,0,1,0,0
2020-07-09,0.534056135148654,0,0,0,0,0,0,0,0,0,1,0,0,0,0,0,0,0,1,0,none,,0,none,,,0,0,0,none,,0,none,,1,end,185,direction_and_magnitude_change,0,Trend Shift,none,0,0,0,0,0,1,0,0,0,0,0,0,0,1,0,0
2020-07-10,1.730630689315704,0,0,0,0,0,0,0,0,0,1,0,0,0,0,0,0,0,1,0,none,,0,none,,,0,0,0,none,,0,none,,1,end,185,direction_and_magnitude_change,0,Trend Shift,none,0,0,0,0,0,1,0,0,0,0,0,0,0,1,0,0
2020-07-11,0.9636609878253013,0,0,0,0,0,0,0,0,0,1,0,0,0,0,0,0,0,1,0,none,,0,none,,,0,0,0,none,,0,none,,1,end,185,direction_and_magnitude_change,0,Trend Shift,none,0,0,0,0,0,1,0,0,0,0,0,0,0,1,0,0
2020-07-12,0.951789874251151,0,0,0,0,0,0,0,0,0,1,0,0,0,0,0,0,0,1,0,none,,0,none,,,0,0,0,none,,0,none,,1,end,185,direction_and_magnitude_change,0,Trend Shift,none,0,0,0,0,0,1,0,0,0,0,0,0,0,1,0,0
2020-07-13,0.9629846290730194,0,0,0,0,0,0,0,0,0,1,0,0,0,0,0,0,0,1,0,none,,0,none,,,0,0,0,none,,0,none,,1,end,185,direction_and_magnitude_change,0,Trend Shift,none,0,0,0,0,0,1,0,0,0,0,0,0,0,1,0,0
2020-07-14,0.5767140145292177,0,0,0,0,0,0,0,0,0,1,0,0,0,0,0,0,0,1,0,none,,0,none,,,0,0,0,none,,0,none,,1,end,185,direction_and_magnitude_change,0,Trend Shift,none,0,0,0,0,0,1,0,0,0,0,0,0,0,1,0,0
2020-07-15,0.4970401567791129,0,0,0,0,0,0,0,0,0,1,0,0,0,0,0,0,0,1,0,none,,0,none,,,0,0,0,none,,0,none,,1,end,185,direction_and_magnitude_change,0,Trend Shift,none,0,0,0,0,0,1,0,0,0,0,0,0,0,1,0,0
2020-07-16,0.6371968321625094,0,0,0,0,0,0,0,0,0,1,0,0,0,0,0,0,0,1,0,none,,0,none,,,0,0,0,none,,0,none,,1,end,185,direction_and_magnitude_change,0,Trend Shift,none,0,0,0,0,0,1,0,0,0,0,0,0,0,1,0,0
2020-07-17,0.6266086865604684,0,0,0,0,0,0,0,0,0,1,0,0,0,0,0,0,0,1,0,none,,0,none,,,0,0,0,none,,0,none,,1,end,185,direction_and_magnitude_change,0,Trend Shift,none,0,0,0,0,0,1,0,0,0,0,0,0,0,1,0,0
2020-07-18,0.5529872793012592,0,0,0,0,0,0,0,0,0,1,0,0,0,0,0,0,0,1,0,none,,0,none,,,0,0,0,none,,0,none,,1,end,185,direction_and_magnitude_change,0,Trend Shift,none,0,0,0,0,0,1,0,0,0,0,0,0,0,1,0,0
2020-07-19,0.51998833730844,0,0,0,0,0,0,0,0,0,1,0,0,0,0,0,0,0,1,0,none,,0,none,,,0,0,0,none,,0,none,,1,end,185,direction_and_magnitude_change,0,Trend Shift,none,0,0,0,0,0,1,0,0,0,0,0,0,0,1,0,0
2020-07-20,0.3536692238784169,0,0,0,0,0,0,0,0,0,1,0,0,0,0,0,0,0,1,0,none,,0,none,,,0,0,0,none,,0,none,,1,end,185,direction_and_magnitude_change,0,Trend Shift,none,0,0,0,0,0,1,0,0,0,0,0,0,0,1,0,0
2020-07-21,-0.20113039724270007,0,0,0,0,0,0,0,0,0,1,0,0,0,0,0,0,0,1,0,none,,0,none,,,0,0,0,none,,0,none,,1,end,185,direction_and_magnitude_change,0,Trend Shift,none,0,0,0,0,0,1,0,0,0,0,0,0,0,1,0,0
2020-07-22,0.3280956505122099,0,0,0,0,0,0,0,0,0,1,0,0,0,0,0,0,0,1,0,none,,0,none,,,0,0,0,none,,0,none,,1,end,185,direction_and_magnitude_change,0,Trend Shift,none,0,0,0,0,0,1,0,0,0,0,0,0,0,1,0,0
2020-07-23,-0.10205580517176281,0,0,0,0,0,0,0,0,0,1,0,0,0,0,0,0,0,1,0,none,,0,none,,,0,0,0,none,,0,none,,1,end,185,direction_and_magnitude_change,0,Trend Shift,none,0,0,0,0,0,1,0,0,0,0,0,0,0,1,0,0
2020-07-24,-0.061098645782875695,0,0,0,0,0,0,0,0,0,1,0,0,0,0,0,0,0,1,0,none,,0,none,,,0,0,0,none,,0,none,,1,end,185,direction_and_magnitude_change,0,Trend Shift,none,0,0,0,0,0,1,0,0,0,0,0,0,0,1,0,0
2020-07-25,0.07252630504595052,0,0,0,0,0,0,0,0,0,1,0,0,0,0,0,0,0,1,0,none,,0,none,,,0,0,0,none,,0,none,,1,end,185,direction_and_magnitude_change,0,Trend Shift,none,0,0,0,0,0,1,0,0,0,0,0,0,0,1,0,0
2020-07-26,0.08722007485738797,0,0,0,0,0,0,0,0,0,1,0,0,0,0,0,0,0,1,0,none,,0,none,,,0,0,0,none,,0,none,,1,end,185,direction_and_magnitude_change,0,Trend Shift,none,0,0,0,0,0,1,0,0,0,0,0,0,0,1,0,0
2020-07-27,-0.15286143303748326,0,0,0,0,0,0,0,0,0,1,0,0,0,0,0,0,0,1,0,none,,0,none,,,0,0,0,none,,0,none,,1,end,185,direction_and_magnitude_change,0,Trend Shift,none,0,0,0,0,0,1,0,0,0,0,0,0,0,1,0,0
2020-07-28,-0.5485540311652757,0,0,0,0,0,0,0,0,0,1,0,0,0,0,0,0,0,1,0,none,,0,none,,,0,0,0,none,,0,none,,1,end,185,direction_and_magnitude_change,0,Trend Shift,none,0,0,0,0,0,1,0,0,0,0,0,0,0,1,0,0
2020-07-29,-0.2782461751726517,0,0,0,0,0,0,0,0,0,1,0,0,0,0,0,0,0,1,0,none,,0,none,,,0,0,0,none,,0,none,,1,end,185,direction_and_magnitude_change,0,Trend Shift,none,0,0,0,0,0,1,0,0,0,0,0,0,0,1,0,0
2020-07-30,-0.8969757893236902,0,0,0,0,0,0,0,0,0,1,0,0,0,0,0,0,0,1,0,none,,0,none,,,0,0,0,none,,0,none,,1,end,185,direction_and_magnitude_change,0,Trend Shift,none,0,0,0,0,0,1,0,0,0,0,0,0,0,1,0,0
2020-07-31,-0.5247774923813524,0,0,0,0,0,0,0,0,0,1,0,0,0,0,0,0,0,1,0,none,,0,none,,,0,0,0,none,,0,none,,1,end,185,direction_and_magnitude_change,0,Trend Shift,none,0,0,0,0,0,1,0,0,0,0,0,0,0,1,0,0
2020-08-01,-0.7165988490546914,0,0,0,0,0,0,0,0,0,1,0,0,0,0,0,0,0,1,0,none,,0,none,,,0,0,0,none,,0,none,,1,end,185,direction_and_magnitude_change,0,Trend Shift,none,0,0,0,0,0,1,0,0,0,0,0,0,0,1,0,0
2020-08-02,-0.9993949436607181,0,0,0,0,0,0,0,0,0,1,0,0,0,0,0,0,0,1,0,none,,0,none,,,0,0,0,none,,0,none,,1,end,185,direction_and_magnitude_change,0,Trend Shift,none,0,0,0,0,0,1,0,0,0,0,0,0,0,1,0,0
2020-08-03,-1.2564581747222825,0,0,0,0,0,0,0,0,0,1,0,0,0,0,0,0,0,1,0,none,,0,none,,,0,0,0,none,,0,none,,1,end,185,direction_and_magnitude_change,0,Trend Shift,none,0,0,0,0,0,1,0,0,0,0,0,0,0,1,0,0
2020-08-04,-1.135077711406954,0,0,0,0,0,0,0,0,0,1,0,0,0,0,0,0,0,1,0,none,,0,none,,,0,0,0,none,,0,none,,1,end,185,direction_and_magnitude_change,0,Trend Shift,none,0,0,0,0,0,1,0,0,0,0,0,0,0,1,0,0
